0.000000	2.817801	6.152236	8.800568	11.164676	10.651292	9.594790	11.950733	13.806158	13.092365	13.709121	16.609335	18.069588	17.799158	19.379885	21.715662	22.147459	22.716293	25.254900	27.002592	26.506414	27.738241	29.041178	27.109407	25.724306	28.015888	28.354012	25.811819	26.343121	28.985168	28.579887	26.907433	28.776899	31.073622	30.139841	29.083328	31.197115	31.318525	29.183899	30.059109	32.487846	31.668755	31.343899	33.717205	35.049393	34.928783	35.817593	38.539070	38.531414	39.480881	39.642910	38.015919	38.870426	39.719643	37.215187	35.765347	37.682091	37.877304	36.939682	35.403671	33.385475	32.200153	31.440260	29.642031	27.447039	26.601316	25.818790	23.613132	21.895660	21.429651	19.860765	17.561319	16.671534	16.369177	14.133648	12.075182	12.668859	11.625403	9.141663	6.707458	7.463913	9.441399	11.434597	14.299999	15.604165	14.833745	15.933926	18.901323	19.241880	18.492702	20.483408	22.681711	22.676418	22.802412	25.102591	27.414412	27.382111	26.673958	24.896988	23.532318	20.713522	20.747290	21.610184	19.605612	18.300547	20.450184	21.118948	18.813824	19.475883	22.041779	21.007380	19.619123	21.906391	23.593643	22.475319	22.811619	25.625183	26.535070	25.719643	26.666084	27.007591	24.898396	22.547062	21.691935	20.536066	18.154339	16.851706	16.734993	14.989997	12.428194	12.389109	12.769495	10.383160	8.618004	10.306309	10.630616	8.504117	9.298387	11.462984	10.904586	10.435037	12.893797	14.519298	14.591778	15.816447	18.188732	19.400257	19.880642	21.660332	23.690292	23.504253	22.458405	23.438856
2.817801	0.000000	3.656501	6.943342	9.004998	8.151688	7.471279	10.006999	11.594396	11.016806	12.068968	14.913418	16.274214	16.325134	18.119051	20.277328	20.783888	21.648327	24.145601	25.913317	25.671190	27.083021	28.198759	26.123938	24.981194	27.343189	27.464342	24.908834	25.712643	28.305124	27.703249	26.179571	28.256151	30.412004	29.364096	28.524727	30.837641	31.205608	29.213352	30.084715	32.624531	32.026394	31.753111	34.216518	35.488873	35.147404	35.946350	38.615284	38.417313	39.136940	39.085293	37.230499	38.027493	39.044975	36.654194	35.076771	37.019993	37.426594	36.664696	35.319401	33.276569	31.929140	31.307667	29.662941	27.305311	26.433502	25.951685	23.807142	21.818800	21.443182	20.231905	17.816284	16.610237	16.597891	14.659468	12.202868	12.538739	12.002083	9.476813	7.542545	9.124145	11.184812	13.449535	16.285883	17.265862	16.432285	17.827227	20.763430	20.806969	20.047443	22.222736	24.272207	24.007082	24.209295	26.674707	28.857059	28.569914	27.766167	25.817822	24.257988	21.409576	21.121790	21.811464	19.796970	18.221142	20.102488	20.733788	18.268553	18.578753	21.008093	19.952194	18.241983	20.348219	22.098871	20.880613	20.938721	23.747633	24.732368	23.765100	24.490408	24.663132	22.578089	20.219051	19.191145	17.917870	15.451861	14.263240	14.324803	12.577758	9.969954	10.280564	10.949886	8.641180	7.184010	9.456215	10.149384	8.556869	9.860021	12.060679	11.834272	12.002083	14.439182	15.969033	16.362762	17.843206	20.051184	21.245470	21.995909	23.781294	25.633766	25.206944	23.839882	24.579666
6.152236	3.656501	0.000000	3.820994	5.578530	5.003999	5.307542	7.690904	9.257429	9.461501	10.875201	13.360390	14.894966	15.526107	17.276863	19.250456	20.126102	21.258881	23.574564	25.516073	25.709532	27.460880	28.473495	26.352419	25.611130	28.118320	28.081667	25.669048	26.846416	29.413094	28.688324	27.452869	29.758026	31.777349	30.699512	30.170351	32.681034	33.307957	31.425627	32.184158	34.816231	34.416565	34.081226	36.525608	37.640007	37.109970	37.923477	40.528881	40.111095	40.628189	40.347118	38.215965	38.844563	40.004749	37.745728	35.944542	37.819172	38.431496	37.733139	36.586746	34.619938	33.037857	32.424683	31.035786	28.595280	27.537249	27.304579	25.374201	23.098701	22.583622	21.727863	19.384789	17.703390	17.708189	16.192900	13.500371	13.124405	12.887979	10.389417	9.339164	11.245443	13.551015	16.140013	18.829231	19.676889	19.117792	20.835546	23.715185	23.670656	23.108656	25.424004	27.326729	26.991295	27.374805	29.917721	31.960913	31.499365	30.748173	28.752913	27.160267	24.382370	23.887236	24.360830	22.295515	20.570368	22.159874	22.611502	19.983244	19.961464	22.094568	20.882050	18.783504	20.639284	22.310760	20.792547	20.475840	23.261557	24.151606	22.793640	23.157074	22.922041	20.715696	18.545620	17.419817	16.155495	13.409326	12.343824	13.103054	11.700001	9.040464	9.880283	11.337108	9.550917	8.491172	11.172735	12.440258	11.388152	12.758135	15.013660	15.114894	15.501613	17.825825	19.397423	19.948183	21.434786	23.595339	24.840290	25.641567	27.395254	29.234568	28.739868	27.259312	27.895699
8.800568	6.943342	3.820994	0.000000	2.734959	4.284857	4.863126	6.114736	8.271639	9.433981	10.416813	12.350709	14.368716	15.331666	16.600302	18.575792	19.941414	21.000477	23.072929	25.276669	25.789532	27.835588	28.985168	27.031279	26.579128	29.237646	29.302219	27.167997	28.553284	31.184132	30.599020	29.632076	32.018433	34.062294	33.161121	32.837936	35.397316	36.105125	34.157429	34.678238	37.326263	36.951588	36.390247	38.658504	39.555656	39.010124	40.011375	42.591431	42.063522	42.597298	42.257900	40.005749	40.410641	41.528545	39.305218	37.298927	38.998589	39.624489	38.742611	37.650368	35.860008	34.104252	33.282429	32.115105	29.770624	28.415840	28.174103	26.529419	24.136902	23.249516	22.514441	20.443335	18.389399	18.044943	16.870388	14.277954	13.101526	12.755391	10.416333	10.259629	12.010829	14.503448	17.329166	19.741833	20.608250	20.559425	22.551273	25.333969	25.422430	25.235888	27.619921	29.398470	29.237133	29.896822	32.399231	34.317635	33.838585	33.335415	31.487932	30.132374	27.540878	27.136692	27.419884	25.198610	23.604660	25.136824	25.275284	22.554157	22.580080	24.454243	22.949076	20.753313	22.572107	23.959341	22.082798	21.706680	24.468348	25.000401	23.271229	23.503405	22.958658	20.494390	18.710960	17.925680	17.127754	14.263590	13.011148	14.412842	13.675159	11.067520	11.741379	13.816295	12.573782	11.302212	13.860375	15.612815	14.609927	15.551527	17.974703	18.348297	18.471058	20.592232	22.402231	22.995869	24.202686	26.416283	27.860365	28.514732	30.132042	32.148094	31.783957	30.485899	31.315969
11.164676	9.004998	5.578530	2.734959	0.000000	2.912044	4.468780	4.836321	6.479198	8.260751	9.479978	10.922454	12.869343	14.245700	15.514187	17.213367	18.745131	20.028479	21.932625	24.161747	24.970783	27.196690	28.195389	26.209349	26.051678	28.747173	28.665310	26.655956	28.284449	30.842340	30.166536	29.422779	31.941509	33.856754	32.954819	32.869591	35.547291	36.450790	34.607658	35.035698	37.735527	37.537449	36.951996	39.212753	39.995125	39.278873	40.252579	42.758274	42.056389	42.413792	41.897614	39.459599	39.745438	40.967548	38.867725	36.727238	38.377205	39.168098	38.392056	37.482128	35.738773	33.835190	33.090179	32.119465	29.711445	28.293816	28.302296	26.808393	24.241081	23.373917	22.979555	20.949701	18.665745	18.512157	17.698870	15.008664	13.578291	13.694524	11.650750	11.950731	13.993570	16.352064	19.237982	21.555973	22.152653	22.102713	24.292387	26.998705	26.882336	26.757616	29.260555	30.882196	30.565504	31.342302	33.935677	35.705181	35.029274	34.527237	32.619778	31.223068	28.723160	28.148891	28.232073	25.997114	24.319952	25.607420	25.593748	22.816881	22.618134	24.227463	22.644644	20.256849	21.854519	23.130283	21.099051	20.488533	23.159016	23.602119	21.654329	21.652021	20.869595	18.371174	16.770809	16.016554	15.399999	12.531960	11.303538	13.119832	12.805077	10.435037	11.252555	13.670772	12.920526	11.940686	14.503448	16.527554	15.915087	16.914196	19.286524	19.927368	20.316002	22.326666	24.117628	24.940128	26.226894	28.318544	29.816772	30.641964	32.204037	34.124771	33.611008	32.147629	32.884796
10.651292	8.151688	5.003999	4.284857	2.912044	0.000000	2.851316	4.053394	4.822862	6.046487	7.860662	9.626007	11.140018	12.453916	14.155211	15.744842	16.964079	18.428782	20.464603	22.511106	23.226278	25.343637	26.172123	24.044334	23.845545	26.478670	26.260616	24.140837	25.787012	28.282328	27.491451	26.725641	29.279686	31.126194	30.154602	30.102659	32.822098	33.799706	32.041378	32.514305	35.239326	35.141144	34.650398	37.000000	37.828163	37.010674	37.865421	40.342903	39.600250	39.856365	39.284222	36.820919	37.173378	38.465828	36.398624	34.305828	36.041225	36.907181	36.302479	35.458569	33.624695	31.741770	31.178196	30.176481	27.658813	26.393560	26.568777	24.979393	22.361351	21.759136	21.517900	19.324854	17.114031	17.349928	16.564119	13.710581	12.644762	13.197728	11.241886	11.371016	13.794928	15.918229	18.721645	21.128653	21.462992	21.083879	23.290342	25.979416	25.597265	25.313435	27.881536	29.427031	28.880617	29.613848	32.301552	34.003235	33.174839	32.548580	30.528183	29.004827	26.520559	25.793798	25.788565	23.601906	21.828880	22.976074	22.974768	20.198267	19.859003	21.434786	19.925360	17.477413	19.022617	20.385534	18.455622	17.806179	20.498293	21.102131	19.304661	19.366207	18.779242	16.404268	14.534786	13.642947	12.932130	10.119782	8.745856	10.325212	9.930257	7.537241	8.408329	10.844815	10.279105	9.538343	12.114042	14.194366	13.908630	15.073487	17.315022	18.116842	18.847281	20.798077	22.467310	23.510212	24.973787	26.900187	28.376047	29.443676	30.986126	32.723385	32.006561	30.328039	30.930407
9.594790	7.471279	5.307542	4.863126	4.468780	2.851316	0.000000	2.641969	4.318564	4.678675	5.798275	8.082698	9.812747	10.628735	12.204917	14.117720	15.254179	16.431980	18.594893	20.669300	21.158686	23.193748	24.221685	22.211260	21.836666	24.504082	24.508162	22.441704	23.952871	26.563887	26.004807	25.211704	27.670383	29.681812	28.910034	28.787846	31.406689	32.265926	30.353254	30.681755	33.371544	33.170017	32.527836	34.764496	35.530834	34.811779	35.802513	38.316315	37.644787	38.079391	37.655014	35.327187	35.652908	36.783283	34.606792	32.534595	34.216080	34.917759	34.130630	33.163536	31.370209	29.529139	28.823776	27.766708	25.332983	23.996042	24.012289	22.435686	19.873098	19.143929	18.788029	16.649925	14.424979	14.541321	13.744090	10.918333	9.804081	10.388937	8.534050	8.904493	11.466909	13.435029	16.254538	18.555052	18.758730	18.459145	20.788700	23.408119	23.017166	22.888426	25.498825	26.957375	26.488489	27.373892	30.034315	31.655804	30.836666	30.366100	28.472794	27.171494	24.856991	24.316456	24.204546	21.873728	20.318712	21.604860	21.392756	18.604839	18.592741	20.197523	18.497839	16.281584	18.135876	19.332357	17.345316	17.112860	19.903017	20.299015	18.653151	19.149414	18.928549	16.459345	14.555756	14.164745	13.933054	11.400878	9.456215	10.511898	10.269372	7.677239	7.601974	10.051867	9.585927	8.178631	10.462314	12.837835	12.434629	13.146863	15.500323	16.560495	17.102922	18.821531	20.661800	21.841703	23.107143	24.984198	26.652767	27.715340	29.091064	30.894175	30.220026	28.684841	29.515759
11.950733	10.006999	7.690904	6.114736	4.836321	4.053394	2.641969	0.000000	2.872281	4.302325	4.749737	6.252200	8.376755	9.531527	10.700468	12.520784	14.043148	15.213481	17.144972	19.386593	20.170523	22.440365	23.506807	21.630074	21.547623	24.297119	24.340296	22.546177	24.246651	26.850328	26.391855	25.866776	28.379747	30.359678	29.745085	29.834545	32.484150	33.444431	31.529352	31.646328	34.336281	34.213596	33.408680	35.501411	36.071320	35.283989	36.387363	38.840702	38.042740	38.439301	37.934948	35.498310	35.630466	36.739761	34.631344	32.395988	33.928455	34.676361	33.802368	32.938126	31.290415	29.299318	28.490524	27.660984	25.293873	23.753107	23.867342	22.562359	19.893719	18.945448	18.841711	16.949926	14.438146	14.437799	14.090424	11.416217	9.710819	10.532331	9.137287	10.237676	12.718885	14.587667	17.457664	19.495897	19.525623	19.504358	22.047903	24.520605	24.091700	24.218588	26.894053	28.173038	27.734816	28.841116	31.492859	32.942524	32.022804	31.719711	29.920897	28.785240	26.673019	26.147850	25.826733	23.416662	21.968388	23.118176	22.624544	19.821705	19.804295	21.105925	19.194010	16.947271	18.696791	19.594389	17.338398	17.075420	19.777008	19.838598	17.920938	18.355927	17.961348	15.306535	13.761178	13.805071	14.134709	11.732860	9.576012	11.015444	11.434159	9.155327	8.854942	11.585337	11.636580	10.257193	12.252348	14.887244	14.640355	15.081778	17.431581	18.737396	19.219002	20.725588	22.670025	23.976238	25.095419	26.911894	28.722641	29.786240	31.027246	32.869591	32.200153	30.718073	31.642694
13.806158	11.594396	9.257429	8.271639	6.479198	4.822862	4.318564	2.872281	0.000000	2.745905	4.205947	5.041825	6.491533	8.190238	9.765757	11.086028	12.508397	14.100355	15.936750	18.031363	19.045734	21.388315	22.153555	20.132809	20.314772	23.026506	22.810963	21.055641	22.988911	25.452112	24.811287	24.472433	27.112728	28.906401	28.226583	28.542074	31.306707	32.477684	30.734509	30.828234	33.561138	33.655014	32.924309	35.075062	35.596771	34.599564	35.573727	37.933758	36.966198	37.128021	36.425953	33.810059	33.893066	35.155651	33.191265	30.882519	32.437477	33.395210	32.759274	32.111214	30.439119	28.347839	27.760763	27.083204	24.592886	23.138281	23.605507	22.368057	19.553261	18.860010	19.167160	17.228174	14.670037	15.143975	15.101324	12.374167	10.892658	12.277622	11.186599	12.244999	14.924478	16.567739	19.330288	21.355093	21.095970	20.840586	23.433737	25.824600	25.103384	25.132648	27.879383	29.010515	28.309891	29.424818	32.174683	33.484024	32.337440	31.929140	30.011164	28.741259	26.703932	25.941858	25.436392	23.103893	21.529051	22.357996	21.778429	18.981308	18.645643	19.659348	17.766823	15.314698	16.766037	17.607670	15.282342	14.732277	17.344740	17.437317	15.392530	15.625941	15.134068	12.511595	10.944406	10.994999	11.568059	9.365361	7.050531	8.705745	9.643132	7.845381	7.611832	10.519031	11.173182	10.323758	12.184007	14.900335	15.148927	15.776248	17.911169	19.408760	20.274614	21.692856	23.482334	25.011398	26.307604	27.939579	29.710941	31.011772	32.232281	33.877129	32.988483	31.257160	31.990467
13.092365	11.016806	9.461501	9.433981	8.260751	6.046487	4.678675	4.302325	2.745905	0.000000	2.776689	4.705316	5.504544	6.531462	8.637708	10.102475	11.008178	12.572191	14.688772	16.585234	17.275995	19.410822	20.154902	18.042450	17.994720	20.670752	20.473885	18.579021	20.407106	22.906113	22.292150	21.852690	24.456902	26.311214	25.661255	25.908493	28.637913	29.769447	28.000179	28.091637	30.823530	30.912457	30.204140	32.390739	32.960735	31.962946	32.900303	35.279881	34.357822	34.563129	33.930668	31.404140	31.576891	32.800915	30.768490	28.548380	30.182941	31.084723	30.489834	29.786406	28.026058	26.011919	25.507647	24.710726	22.160551	20.835066	21.321819	19.951191	17.147303	16.660732	16.986465	14.906710	12.477581	13.273281	13.194318	10.412493	9.400533	11.116655	10.208820	11.102252	13.931978	15.261390	17.856651	19.881145	19.402576	18.893650	21.474636	23.806091	22.898470	22.841412	25.614450	26.668896	25.838150	26.949953	29.735334	30.982897	29.758528	29.309557	27.367315	26.099808	24.145807	23.376057	22.781792	20.432571	18.903440	19.714460	19.064102	16.268068	16.018116	17.070736	15.145296	12.786712	14.439529	15.310455	13.078608	12.814835	15.555707	15.734675	14.021055	14.663219	14.679917	12.220474	10.294659	10.479026	11.133732	9.272001	6.630988	7.365460	8.241966	6.441274	5.409252	8.251667	9.192389	8.244999	9.762685	12.606349	13.067900	13.573873	15.582362	17.284098	18.295900	19.540728	21.274870	22.984560	24.307407	25.784882	27.588404	29.033947	30.171841	31.702049	30.704723	28.904499	29.639334
13.709121	12.068968	10.875201	10.416813	9.479978	7.860662	5.798275	4.749737	4.205947	2.776689	0.000000	3.014963	4.579302	4.928489	6.451356	8.407736	9.542012	10.666303	12.798048	14.891608	15.509029	17.723713	18.770456	16.914492	16.839834	19.608927	19.723337	18.084526	19.836836	22.451283	22.171377	21.842390	24.332079	26.339893	25.984034	26.239285	28.843370	29.871225	27.941727	27.784349	30.455544	30.448809	29.494068	31.467285	31.868793	30.968370	32.125381	34.513187	33.618595	34.012646	33.509701	31.089066	31.125713	32.150429	30.036812	27.754280	29.230463	29.960808	29.085392	28.286394	26.667772	24.616459	23.855188	23.127689	20.734995	19.174202	19.498976	18.322119	15.530615	14.695918	15.024315	13.203788	10.547987	11.072940	11.312825	8.759567	7.253965	9.189669	8.816462	10.319399	13.014223	14.113824	16.682026	18.411137	17.757534	17.543659	20.316250	22.483328	21.613190	21.873730	24.675697	25.571079	24.893774	26.258141	28.968260	30.072081	28.857235	28.671589	26.939562	26.003654	24.309875	23.774569	23.033455	20.535336	19.319681	20.235859	19.269405	16.519686	16.650827	17.582378	15.388633	13.371986	15.251557	15.748652	13.358892	13.566503	16.255770	15.991561	14.306643	15.340796	15.575943	12.994230	11.409207	12.274364	13.459199	11.844831	9.100549	9.615613	10.678016	8.929726	7.354591	9.906564	10.890821	9.415413	10.432642	13.462171	13.749909	13.676989	15.753730	17.689829	18.393749	19.333651	21.268051	23.061224	24.086927	25.521952	27.541059	28.902943	29.836386	31.478405	30.584473	29.008965	30.014330
16.609335	14.913418	13.360390	12.350709	10.922454	9.626007	8.082698	6.252200	5.041825	4.705316	3.014963	0.000000	2.749546	4.106092	4.846648	6.297619	8.082078	9.382963	11.066165	13.334541	14.485854	17.026449	17.978876	16.278513	16.711971	19.504358	19.561186	18.318844	20.343796	22.835281	22.604866	22.653477	25.200001	27.067692	26.856285	27.408577	30.048794	31.240679	29.398809	29.027575	31.677912	31.827662	30.748497	32.569004	32.741566	31.701891	32.919449	35.183662	34.097507	34.357677	33.695549	31.106590	30.901779	31.952150	29.992332	27.513451	28.805727	29.666479	28.788364	28.204433	26.767891	24.525497	23.737312	23.357655	21.044003	19.302849	19.883158	19.090574	16.213882	15.244671	16.026854	14.566743	11.744361	12.265399	13.082432	10.891282	9.036040	11.103153	11.152578	13.006153	15.561492	16.578602	19.108114	20.586887	19.751961	19.743101	22.634928	24.616457	23.661360	24.116594	26.941048	27.626980	26.916351	28.456282	31.149481	32.046215	30.685663	30.624990	28.964979	28.142851	26.658957	26.066456	25.113144	22.628521	21.481155	22.150846	20.934660	18.261162	18.257055	18.753931	16.431677	14.395833	15.948041	16.056463	13.404850	13.463284	15.899057	15.205262	13.153326	14.046708	14.062005	11.318127	10.312129	11.783463	13.635982	12.332478	9.602604	10.479027	12.179081	10.892658	9.479452	12.076838	13.443958	12.232743	13.107633	16.162302	16.633400	16.495152	18.470247	20.537771	21.273928	22.065811	24.004583	25.897299	26.855728	28.200003	30.288942	31.688957	32.518608	34.134438	33.198494	31.610285	32.619167
18.069588	16.274214	14.894966	14.368716	12.869343	11.140018	9.812747	8.376755	6.491533	5.504544	4.579302	2.749546	0.000000	2.709243	4.369210	4.835288	6.118823	8.014986	9.681942	11.638298	12.913558	15.435673	16.044935	14.168628	14.832733	17.559612	17.372391	16.182089	18.405163	20.752110	20.394606	20.632500	23.255968	24.962770	24.748737	25.503531	28.202305	29.561800	27.873465	27.450319	30.113287	30.459152	29.444695	31.301437	31.431355	30.200827	31.290415	33.460575	32.232281	32.295662	31.479994	28.762823	28.525076	29.691412	27.844927	25.320940	26.649763	27.687180	27.049768	26.661020	25.182533	22.874878	22.341440	22.083931	19.654263	18.059900	19.012102	18.270468	15.311760	14.709181	15.907860	14.423245	11.744361	12.821856	13.848827	11.743084	10.402404	12.789059	12.996154	14.634207	17.291616	18.075674	20.424496	21.882870	20.786053	20.498537	23.358511	25.220823	23.976236	24.316456	27.163578	27.684111	26.714977	28.251017	31.004679	31.742085	30.167034	30.013498	28.272425	27.368961	26.028063	25.255892	24.102076	21.714741	20.533876	20.888752	19.533049	16.945501	16.716459	16.867424	14.539601	12.457929	13.748455	13.664919	10.934807	10.924284	13.253679	12.472369	10.412012	11.431098	11.708970	9.098351	8.053571	9.930257	12.222111	11.480853	8.745856	9.196195	11.312383	10.619322	9.036592	11.374094	13.255188	12.441864	12.974206	15.978110	16.865053	16.800297	18.496216	20.732582	21.774755	22.418297	24.184706	26.280602	27.363298	28.492807	30.541449	32.158825	32.932961	34.339481	33.200905	31.411623	32.267166
17.799158	16.325134	15.526107	15.331666	14.245700	12.453916	10.628735	9.531527	8.190238	6.531462	4.928489	4.106092	2.709243	0.000000	2.899999	4.135215	4.636809	6.054750	8.215839	10.090094	10.863701	13.223464	14.073380	12.270698	12.616260	15.403247	15.484832	14.305944	16.337994	18.818342	18.722179	18.892857	21.383640	23.263275	23.249517	23.897491	26.464127	27.690434	25.871412	25.316793	27.934746	28.189714	27.053467	28.819786	28.912455	27.765627	28.962219	31.175152	30.034979	30.285475	29.644732	27.107933	26.898699	27.889065	25.897104	23.436937	24.758633	25.604687	24.803427	24.262936	22.771475	20.522182	19.882153	19.520760	17.123377	15.487414	16.338299	15.582362	12.632102	12.004167	13.253679	11.837652	9.187492	10.448923	11.672618	9.840733	8.786922	11.395614	12.012494	13.685760	16.233915	16.650826	18.773918	20.045948	18.711493	18.379608	21.268286	22.968456	21.616196	22.055613	24.900202	25.278648	24.308229	25.962666	28.676996	29.299488	27.694584	27.657007	26.029791	25.326271	24.196281	23.576685	22.307175	19.846159	18.911903	19.339079	17.769073	15.255491	15.372054	15.519343	13.028431	11.351652	12.986917	12.713380	10.065288	10.742439	13.105725	12.184417	10.640018	12.298374	13.159027	10.826819	9.661263	11.627983	13.847022	13.252547	10.462790	10.258167	12.100827	11.336226	9.224966	11.135979	13.044539	11.950732	11.943619	14.964625	15.854652	15.401624	16.974392	19.408762	20.356325	20.704107	22.502001	24.722662	25.650927	26.639446	28.796181	30.443556	31.052214	32.430542	31.290255	29.600168	30.603758
19.379885	18.119051	17.276863	16.600302	15.514187	14.155211	12.204917	10.700468	9.765757	8.637708	6.451356	4.846648	4.369210	2.899999	0.000000	2.747727	4.304648	4.716990	6.481513	8.837420	9.851396	12.481586	13.683931	12.383053	12.938314	15.729271	16.142179	15.451537	17.412064	19.880644	20.119890	20.494633	22.830900	24.763884	25.031778	25.742184	28.170551	29.323881	27.411676	26.602442	29.115974	29.306824	27.919527	29.404930	29.258162	28.193970	29.622627	31.781441	30.624336	31.016768	30.454885	27.993034	27.562473	28.351542	26.365696	23.801260	24.851961	25.552494	24.434811	23.875929	22.648840	20.314772	19.349676	19.229923	17.120747	15.148927	15.865371	15.538339	12.701967	11.558979	12.934836	12.070624	9.290855	10.048382	11.761802	10.450358	8.879189	11.377609	12.462342	14.571548	16.849035	17.140011	19.207550	20.128834	18.688231	18.764326	21.775444	23.267572	22.020670	22.811399	25.622450	25.832924	25.060726	26.951252	29.542850	30.006830	28.431318	28.677866	27.287725	26.903715	26.003653	25.581438	24.227671	21.701151	21.024984	21.517666	19.741579	17.354536	17.718069	17.725122	15.131754	13.777154	15.389281	14.783098	12.115279	12.984991	15.074814	13.692698	12.077250	13.803623	14.581152	12.189751	11.597845	13.908271	16.374676	15.760077	12.985375	13.045305	14.940548	14.053469	11.984573	13.928388	15.691079	14.341895	14.272350	17.309246	17.988329	17.215109	18.849401	21.337524	21.995226	22.154232	24.102074	26.304752	26.967016	27.950850	30.261030	31.778923	32.223747	33.720764	32.710392	31.247719	32.466290
21.715662	20.277328	19.250456	18.575792	17.213367	15.744842	14.117720	12.520784	11.086028	10.102475	8.407736	6.297619	4.835288	4.135215	2.747727	0.000000	2.760434	4.037325	4.989990	7.209021	8.931964	11.777945	12.551493	11.260994	12.426986	15.096356	15.242702	14.887579	17.137386	19.356394	19.500256	20.231659	22.632278	24.323238	24.638992	25.651707	28.132010	29.494066	27.772469	26.853304	29.347742	29.769445	28.402992	29.840576	29.553171	28.269594	29.606251	31.605854	30.232761	30.374165	29.586653	26.923965	26.317673	27.224621	25.451128	22.739613	23.689869	24.630468	23.728674	23.485527	22.353075	19.869070	19.121191	19.333908	17.219465	15.313392	16.482718	16.417978	13.579763	12.725564	14.560220	13.842326	11.261883	12.318278	14.182031	12.949903	11.577133	14.111698	15.163113	17.190115	19.534073	19.804293	21.813299	22.703743	21.137171	21.106634	24.086096	25.467037	24.041630	24.787699	27.592754	27.647243	26.694382	28.603146	31.216183	31.510315	29.745754	29.953465	28.525951	28.093771	27.332764	26.741354	25.210514	22.801096	22.086649	22.255335	20.350430	18.091160	18.182959	17.760910	15.200657	13.822445	14.991998	14.060227	11.305308	11.989162	13.709121	11.975808	10.171037	11.859595	12.667281	10.442223	10.340214	13.076315	15.973104	15.793987	13.177632	13.230646	15.493547	15.060213	13.122500	14.983658	17.072199	16.076691	15.945219	18.918245	19.876871	19.248636	20.708694	23.263275	24.137938	24.245825	26.065302	28.381157	29.138464	29.988333	32.257401	33.912975	34.326958	35.679966	34.527378	32.912762	33.992500
22.147459	20.783888	20.126102	19.941414	18.745131	16.964079	15.254179	14.043148	12.508397	11.008178	9.542012	8.082078	6.118823	4.636809	4.304648	2.760434	0.000000	2.698148	4.230841	5.636488	6.942622	9.588534	10.127191	8.604069	9.769852	12.420145	12.491597	12.159770	14.445415	16.613548	16.791069	17.605112	19.972982	21.631920	22.034971	23.110821	25.548580	26.949953	25.289721	24.299793	26.776295	27.295420	25.959005	27.415689	27.126554	25.738880	26.994259	28.959455	27.545597	27.635666	26.837849	24.189667	23.628796	24.545059	22.748627	20.064646	21.106632	22.085741	21.335651	21.145449	19.905777	17.425842	16.897928	17.090933	14.852946	13.130117	14.591093	14.493101	11.650321	11.237437	13.381330	12.643970	10.404326	11.976643	13.883442	12.827314	12.058607	14.736349	15.885212	17.656725	20.010996	20.008249	21.770622	22.621670	20.830265	20.506340	23.385893	24.622145	22.944714	23.579865	26.357922	26.254333	25.092030	26.991108	29.616383	29.765079	27.843311	27.993034	26.545998	26.121637	25.555037	24.905020	23.205816	20.882767	20.271162	20.241047	18.170855	16.083221	16.186415	15.508384	12.932130	11.852425	12.966881	11.774973	9.137286	10.255730	11.834695	10.002000	8.741282	10.981348	12.408868	10.627324	10.275212	13.028046	15.917914	16.096273	13.544371	13.011147	15.212165	15.074813	12.917430	14.305593	16.606625	15.775929	15.210851	18.020544	19.227842	18.523767	19.686289	22.369621	23.415806	23.310511	24.970783	27.445036	28.240927	28.866590	31.107233	32.925827	33.246052	34.409302	33.108002	31.388693	32.397068
22.716293	21.648327	21.258881	21.000477	20.028479	18.428782	16.431980	15.213481	14.100355	12.572191	10.666303	9.382963	8.014986	6.054750	4.716990	4.037325	2.698148	0.000000	2.694441	4.410215	5.157518	7.908223	9.099450	8.184741	9.080197	11.724334	12.349898	12.357184	14.297902	16.549622	17.171486	17.977207	20.084820	21.920309	22.621670	23.581984	25.801744	27.009998	25.184319	23.971649	26.326601	26.695316	25.114735	26.315393	25.859039	24.630264	26.131399	28.107115	26.791788	27.160448	26.592293	24.192146	23.542303	24.154917	22.228359	19.574217	20.419842	21.089808	19.940159	19.565531	18.501892	16.035585	15.134727	15.392855	13.422741	11.394734	12.635663	12.856514	10.173002	9.357349	11.630133	11.382003	9.250405	10.579224	12.829263	12.323149	11.545129	14.120906	15.673544	17.609087	19.698730	19.419836	20.973316	21.494648	19.526903	19.420349	22.334278	23.326593	21.676252	22.587828	25.307310	25.021790	24.014370	26.117426	28.613459	28.606991	26.722460	27.136139	25.933954	25.850725	25.537031	25.136826	23.375841	20.983086	20.692993	20.814898	18.562864	16.626183	17.137094	16.505453	13.860735	13.257450	14.621218	13.292479	10.896330	12.436237	13.917615	11.968291	11.081967	13.482952	15.002000	13.264238	12.971508	15.687256	18.487293	18.534563	15.898742	15.314371	17.313868	16.942549	14.607532	15.876081	17.990553	16.847551	16.045248	18.821795	19.840109	18.756598	19.888437	22.650385	23.433735	23.062088	24.820555	27.309156	27.840078	28.390139	30.769789	32.495384	32.622383	33.850258	32.656086	31.170017	32.410027
25.254900	24.145601	23.574564	23.072929	21.932625	20.464603	18.594893	17.144972	15.936750	14.688772	12.798048	11.066165	9.681942	8.215839	6.481513	4.989990	4.230841	2.694441	0.000000	2.703701	4.756049	7.762732	8.766984	8.448077	9.988494	12.319091	12.929811	13.529967	15.547669	17.513710	18.243355	19.394331	21.411680	23.062523	23.936167	25.121506	27.273615	28.570265	26.850142	25.446808	27.692057	28.179070	26.493208	27.471441	26.768078	25.448574	27.005741	28.799131	27.325811	27.590034	26.907434	24.436449	23.506168	24.060341	22.339651	19.542006	20.082081	20.830265	19.639502	19.529209	18.770721	16.182089	15.244672	15.970598	14.297203	12.192621	13.635983	14.339108	11.910920	11.040833	13.500371	13.628281	11.636581	12.750687	15.160806	14.837116	13.871195	16.348089	17.991665	20.067387	22.089365	21.807110	23.333668	23.688395	21.661488	21.716583	24.634125	25.464684	23.808821	24.856590	27.521265	27.072311	26.082371	28.285332	30.702934	30.513277	28.553284	29.089691	28.000895	28.041399	27.904480	27.494728	25.624403	23.301718	23.083763	23.054283	20.693960	18.908464	19.331324	18.418741	15.834772	15.312087	16.360319	14.755678	12.402017	13.787677	14.854630	12.524377	11.545995	13.814847	15.240079	13.668212	13.911866	16.888163	19.960962	20.187372	17.645679	17.231657	19.435278	19.204428	16.985289	18.325121	20.524622	19.458160	18.706951	21.476500	22.529314	21.443182	22.546177	25.323902	26.091763	25.654631	27.406933	29.916719	30.383715	30.874910	33.285435	35.008717	35.050537	36.256588	35.056812	33.601639	34.852406
27.002592	25.913317	25.516073	25.276669	24.161747	22.511106	20.669300	19.386593	18.031363	16.585234	14.891608	13.334541	11.638298	10.090094	8.837420	7.209021	5.636488	4.410215	2.703701	0.000000	3.067572	5.855766	6.369458	6.407807	8.394046	10.370632	10.931148	12.027053	14.033531	15.709233	16.564117	17.999166	19.874859	21.358604	22.424316	23.787813	25.827505	27.200920	25.620695	24.047661	26.188929	26.841944	25.140804	26.005192	25.160683	23.677837	25.172209	26.811192	25.200991	25.343637	24.581701	22.095474	21.035446	21.554813	19.943169	17.087421	17.520844	18.364368	17.326281	17.457378	16.772894	14.112761	13.426466	14.439182	12.844453	10.942120	12.833159	13.776065	11.582745	11.180786	13.947401	14.227438	12.676749	14.095742	16.513630	16.371010	15.793036	18.309832	19.995249	21.901825	23.913385	23.443548	24.760654	25.034575	22.825642	22.680828	25.473711	26.104023	24.230764	25.217056	27.803776	27.137428	25.960354	28.176052	30.548977	30.131876	27.991783	28.524725	27.481993	27.588947	27.723095	27.254908	25.198015	23.030848	22.947985	22.658552	20.134298	18.642424	19.025509	17.752182	15.286922	15.131754	15.913831	13.980700	11.945711	13.539941	14.165098	11.640018	11.201785	13.695985	15.490966	14.379499	14.683664	17.688980	20.812256	21.374283	18.961540	18.240065	20.447493	20.501219	18.234306	19.243179	21.595602	20.717382	19.690605	22.273525	23.529129	22.414726	23.243494	26.093102	27.000925	26.370247	27.957287	30.589867	31.070564	31.334486	33.708603	35.569931	35.497181	36.508766	35.172291	33.636883	34.808907
26.506414	25.671190	25.709532	25.789532	24.970783	23.226278	21.158686	20.170523	19.045734	17.275995	15.509029	14.485854	12.913558	10.863701	9.851396	8.931964	6.942622	5.157518	4.756049	3.067572	0.000000	3.009983	4.458699	4.926458	6.103278	8.051086	9.199999	10.354709	11.904201	13.707296	14.944563	16.211723	17.828068	19.522806	20.800480	21.960646	23.792645	24.965977	23.251881	21.550871	23.610380	24.140421	22.318378	23.084627	22.223637	20.849220	22.467978	24.190287	22.733234	23.157070	22.675760	20.497316	19.580603	19.845905	17.961626	15.269250	15.774980	16.274519	14.978985	14.807094	14.021412	11.427160	10.576389	11.423659	9.859513	7.881624	9.819369	10.870602	8.908983	8.708616	11.621532	12.147017	11.105404	12.666491	15.079455	15.334275	15.216110	17.649931	19.498203	21.227339	23.059921	22.275772	23.277456	23.377338	20.988092	20.717867	23.379051	23.787601	21.791281	22.815126	25.309683	24.474682	23.268219	25.551516	27.839003	27.286627	25.115133	25.749758	24.846125	25.167042	25.545645	25.240047	23.112549	20.968784	21.171679	20.943256	18.284966	17.020870	17.748238	16.527248	14.088292	14.462364	15.509352	13.567976	11.911758	14.003571	14.711219	12.448292	12.609916	15.394479	17.488852	16.448099	16.330952	19.106281	21.964062	22.477766	20.012245	18.946503	20.853056	20.826183	18.360283	19.008680	21.242880	20.251419	18.860806	21.240057	22.464859	21.095261	21.702303	24.601625	25.425577	24.519787	26.037279	28.724031	29.067337	29.151329	31.556616	33.436954	33.206924	34.136784	32.795425	31.363834	32.640617
27.738241	27.083021	27.460880	27.835588	27.196690	25.343637	23.193748	22.440365	21.388315	19.410822	17.723713	17.026449	15.435673	13.223464	12.481586	11.777945	9.588534	7.908223	7.762732	5.855766	3.009983	0.000000	2.817801	4.401136	4.744472	5.897458	7.632824	9.254189	10.229858	11.806355	13.479614	14.795946	16.016867	17.725122	19.317350	20.427679	21.970207	23.019558	21.317364	19.381950	21.258646	21.805962	19.865801	20.424986	19.416231	18.014715	19.705078	21.360947	19.930378	20.512192	20.221029	18.328665	17.425842	17.414362	15.396103	12.839392	13.278930	13.503333	12.063581	11.810590	11.026332	8.432082	7.632824	8.637130	7.284916	5.522680	7.889234	9.270922	7.960527	8.334267	11.299558	12.113216	11.792794	13.478130	15.771176	16.381086	16.719749	19.035229	20.960917	22.470869	24.142494	23.071411	23.724670	23.642757	21.072731	20.617710	23.047344	23.144979	20.959007	21.966110	24.289917	23.178656	21.847425	24.170643	26.323565	25.498627	23.195044	23.920076	23.187281	23.738155	24.498980	24.289505	22.013859	20.039211	20.555779	20.205444	17.395977	16.560495	17.496857	16.114901	13.891724	14.865396	15.873248	13.816294	12.720456	15.101655	15.567273	13.472194	14.238328	17.156050	19.513584	18.738195	18.461853	21.079611	23.774357	24.418230	22.024757	20.655506	22.356430	22.425207	19.880642	20.134298	22.319946	21.378025	19.651209	21.728781	23.015863	21.485577	21.765341	24.681572	25.507647	24.301851	25.644493	28.405106	28.644197	28.452417	30.834721	32.791615	32.369431	33.109818	31.693216	30.309902	31.608385
29.041178	28.198759	28.473495	28.985168	28.195389	26.172123	24.221685	23.506807	22.153555	20.154902	18.770456	17.978876	16.044935	14.073380	13.683931	12.551493	10.127191	9.099450	8.766984	6.369458	4.458699	2.817801	0.000000	2.776688	4.327817	4.743417	5.744562	7.971198	9.292470	10.365809	11.829624	13.577188	14.866068	16.204321	17.797190	19.244480	20.855934	22.177015	20.780037	18.848871	20.723175	21.601852	19.876368	20.548965	19.545076	17.796909	19.163769	20.620621	18.902910	19.044422	18.405163	16.196915	15.165751	15.418819	13.649176	10.871523	11.393418	12.146605	11.412712	11.747766	10.870142	8.181687	8.334267	9.571834	8.052950	7.116179	9.892422	11.022250	9.726767	10.630146	13.577188	14.060939	13.752455	15.709869	17.858051	18.180758	18.608870	21.053265	22.789909	24.174366	26.023834	25.053743	25.768972	25.870058	23.331953	22.643984	24.991598	25.155716	22.832870	23.588345	25.895559	24.780842	23.198490	25.352711	27.562475	26.684076	24.213425	24.708096	23.813652	24.136694	24.930704	24.469164	22.076910	20.311819	20.692993	19.976486	17.158672	16.503031	17.080982	15.282343	13.268006	14.294054	14.820931	12.506398	11.688028	13.959227	13.947759	11.766053	12.903099	15.794619	18.325392	17.950487	17.789322	20.393381	23.145195	24.124054	21.929205	20.427677	22.232632	22.649723	20.226219	20.327566	22.716074	22.103394	20.368847	22.332487	23.880325	22.595797	22.721577	25.623426	26.727890	25.592577	26.749578	29.578878	30.021826	29.732138	31.978430	34.099121	33.741665	34.290524	32.690975	31.065899	32.114326
27.109407	26.123938	26.352419	27.031279	26.209349	24.044334	22.211260	21.630074	20.132809	18.042450	16.914492	16.278513	14.168628	12.270698	12.383053	11.260994	8.604069	8.184741	8.448077	6.407807	4.926458	4.401136	2.776688	0.000000	3.003332	4.414748	4.528797	5.977458	7.934734	9.332739	10.280564	11.898320	13.621674	14.996333	16.224981	17.678236	19.600512	21.072495	19.710403	18.089500	20.220287	21.153486	19.703808	20.809855	20.162838	18.350477	19.457134	21.082220	19.393555	19.343731	18.547237	16.075138	15.360664	16.026539	14.211615	11.492606	12.549899	13.590070	13.301879	13.534402	12.212698	9.677293	10.125710	10.754069	8.591857	7.880990	10.602358	11.048077	9.246621	10.435995	13.281943	13.213630	12.728708	14.970304	16.898521	16.834787	17.369514	19.920595	21.412380	22.640450	24.672859	23.865038	24.736006	25.136625	22.732576	21.830254	24.196074	24.645081	22.302691	22.796053	25.219240	24.352003	22.641113	24.604673	26.997410	26.376314	23.919449	24.123434	22.932510	22.895634	23.384825	22.724657	20.394117	18.601614	18.706951	17.921217	15.204276	14.344337	14.684346	12.870121	10.779147	11.611632	12.093388	9.805100	8.916278	11.237883	11.363538	9.352540	10.604715	13.579396	16.202778	15.848344	15.437941	17.887985	20.523401	21.552261	19.428329	17.806179	19.582136	20.122128	17.756409	17.779202	20.251665	19.817921	18.134499	20.090050	21.774296	20.716661	20.851858	23.725725	25.028984	24.095850	25.199406	28.032839	28.700523	28.505964	30.655668	32.853615	32.689602	33.223335	31.543779	29.712961	30.592484
25.724306	24.981194	25.611130	26.579128	26.051678	23.845545	21.836666	21.547623	20.314772	17.994720	16.839834	16.711971	14.832733	12.616260	12.938314	12.426986	9.769852	9.080197	9.988494	8.394046	6.103278	4.744472	4.327817	3.003332	0.000000	2.823119	4.036087	4.633572	5.801723	7.787169	9.137285	10.211267	11.734138	13.545848	14.863041	15.912887	17.690109	18.895767	17.285831	15.655351	17.829750	18.552896	17.042887	18.249659	17.783138	16.141253	17.339550	19.215097	17.811514	18.143869	17.735275	15.668120	15.337861	15.773712	13.545110	11.211601	12.557865	13.130499	12.610312	12.300407	10.604244	8.338466	8.718372	8.645808	6.095901	5.707014	8.334867	8.373769	6.754258	8.478798	11.140468	11.031773	11.094143	13.456968	15.163773	15.345684	16.324215	18.728855	20.249197	21.242645	23.108656	22.073967	22.682371	23.018471	20.548723	19.457132	21.659409	22.002272	19.568085	19.991999	22.352406	21.435019	19.671299	21.631689	24.005417	23.379690	20.928926	21.140011	19.989496	20.073116	20.688887	20.189354	17.842085	16.016865	16.373453	15.740711	12.926329	12.233560	13.009611	11.458620	9.387757	10.770793	11.721348	9.743714	9.259589	11.926860	12.416520	10.973149	12.412090	15.431785	18.088945	17.589485	16.755594	18.894444	21.165302	21.997726	19.822714	17.967192	19.362333	19.727644	17.226433	16.919809	19.173157	18.611017	16.624681	18.343664	19.955448	18.691175	18.620955	21.500929	22.726856	21.590969	22.622776	25.479795	26.058779	25.741989	27.899282	30.106146	29.857159	30.340897	28.665134	26.909849	27.886555
28.015888	27.343189	28.118320	29.237646	28.747173	26.478670	24.504082	24.297119	23.026506	20.670752	19.608927	19.504358	17.559612	15.403247	15.729271	15.096356	12.420145	11.724334	12.319091	10.370632	8.051086	5.897458	4.743417	4.414748	2.823119	0.000000	2.641969	4.532106	4.792702	5.923680	7.829431	9.270382	10.265475	11.847363	13.577186	14.778700	16.236071	17.456804	16.047741	14.124446	16.068914	17.011171	15.479342	16.488785	15.842032	13.961017	15.052907	16.738876	15.182226	15.441826	15.050914	13.127833	12.756959	13.023824	10.743370	8.466995	9.879777	10.429766	10.234745	10.160218	8.370185	6.191931	7.381057	7.519309	5.296225	5.938014	8.771544	9.066973	8.306022	10.312129	12.842897	12.958780	13.455482	15.772760	17.395689	17.769073	18.928551	21.249470	22.792542	23.659668	25.427151	24.241081	24.615847	24.824583	22.262524	21.044001	23.003477	23.078344	20.502193	20.849220	22.994347	21.818113	19.887936	21.797705	24.013954	23.085491	20.458982	20.675831	19.662399	19.895727	20.922235	20.416658	17.902233	16.405182	17.011171	16.089127	13.199999	13.098473	13.858570	11.980400	10.399037	12.254794	12.841339	10.731728	10.883473	13.494443	13.503331	12.156480	14.035313	16.996763	19.793432	19.615810	18.856829	20.920086	23.128338	24.171263	22.143394	20.138767	21.450640	21.998407	19.554537	18.982359	21.222158	20.812016	18.664135	20.080835	21.782789	20.501951	20.132809	22.953430	24.239223	22.896286	23.701054	26.596428	27.133926	26.545433	28.611883	30.913589	30.508686	30.750935	28.958244	27.181427	28.070803
