0.000000	3.680832	4.755478	4.319328	5.075119	7.495252	9.223839	10.687657	11.905282	13.826235	13.067437	14.681853	16.850899	16.833864	14.395535	12.934235	14.053301	12.969026	11.317653	13.290044	15.681971
3.680832	0.000000	2.749448	4.437997	4.851287	5.964376	7.850615	10.095472	11.167213	12.357669	10.852446	12.208591	13.906583	14.024180	11.849070	9.965463	10.940808	10.219520	8.408629	10.230600	12.827939
4.755478	2.749448	0.000000	2.796390	4.262864	4.924718	5.857393	8.115458	9.683366	11.282707	10.246988	12.259276	14.197435	14.820012	12.881702	10.902539	12.230454	12.046887	10.362350	12.012558	14.632812
4.319328	4.437997	2.796390	0.000000	2.745445	4.479191	5.210222	6.632862	8.322159	10.624645	10.412816	12.803445	15.312730	15.967345	13.853754	12.277041	13.977851	13.718895	12.337212	14.307993	17.077795
5.075119	4.851287	4.262864	2.745445	0.000000	2.817636	4.807246	6.119442	6.902607	8.803059	8.534315	10.736393	13.518658	14.022690	11.771742	10.575800	12.556358	12.299059	11.385961	13.712126	16.800278
7.495252	5.964376	4.924718	4.479191	2.817636	0.000000	2.928844	4.926528	5.320215	6.528164	5.954607	8.465529	11.265792	12.164512	10.253914	8.964980	11.220771	11.563402	10.933007	13.149089	16.409864
9.223839	7.850615	5.857393	5.210222	4.807246	2.928844	0.000000	2.818721	4.310045	6.219739	6.579191	9.706075	12.459615	13.860793	12.351133	10.955056	13.233811	13.948495	13.231482	15.158978	18.293947
10.687657	10.095472	8.115458	6.632862	6.119442	4.926528	2.818721	0.000000	2.762439	5.924872	7.694330	11.024550	14.142601	15.619745	14.119905	13.108440	15.577843	16.278694	15.753012	17.821159	21.018955
11.905282	11.167213	9.683366	8.322159	6.902607	5.320215	4.310045	2.762439	0.000000	3.584439	6.114872	9.330520	12.728275	14.171736	12.747999	12.217801	14.897595	15.709718	15.642591	17.884588	21.265165
13.826235	12.357669	11.282707	10.624645	8.803059	6.528164	6.219739	5.924872	3.584439	0.000000	3.511629	6.426232	9.797773	11.444018	10.486049	10.337045	13.112637	14.349483	14.797760	16.954576	20.417467
13.067437	10.852446	10.246988	10.412816	8.534315	5.954607	6.579191	7.694330	6.114872	3.511629	0.000000	3.411391	6.616980	8.256215	7.376163	6.947658	9.682459	11.135135	11.699401	13.717889	17.169363
14.681853	12.208591	12.259276	12.803445	10.736393	8.465529	9.706075	11.024550	9.330520	6.426232	3.411391	0.000000	3.671048	5.023760	4.614252	5.036776	7.632712	9.334603	10.599013	12.511165	15.925210
16.850899	13.906583	14.197435	15.312730	13.518658	11.265792	12.459615	14.142601	12.728275	9.797773	6.616980	3.671048	0.000000	2.710157	4.387803	4.687278	6.165720	8.530634	10.126156	11.354478	14.421660
16.833864	14.024180	14.820012	15.967345	14.022690	12.164512	13.860793	15.619745	14.171736	11.444018	8.256215	5.023760	2.710157	0.000000	2.793768	4.124101	4.926270	6.890996	9.008376	10.315594	13.316451
14.395535	11.849070	12.881702	13.853754	11.771742	10.253914	12.351133	14.119905	12.747999	10.486049	7.376163	4.614252	4.387803	2.793768	0.000000	2.705499	4.326602	5.447632	7.474941	9.427681	12.730052
12.934235	9.965463	10.902539	12.277041	10.575800	8.964980	10.955056	13.108440	12.217801	10.337045	6.947658	5.036776	4.687278	4.124101	2.705499	0.000000	2.812722	4.447165	5.708703	7.545648	10.974295
14.053301	10.940808	12.230454	13.977851	12.556358	11.220771	13.233811	15.577843	14.897595	13.112637	9.682459	7.632712	6.165720	4.926270	4.326602	2.812722	0.000000	2.741784	4.317356	5.410218	8.589412
12.969026	10.219520	12.046887	13.718895	12.299059	11.563402	13.948495	16.278694	15.709718	14.349483	11.135135	9.334603	8.530634	6.890996	5.447632	4.447165	2.741784	0.000000	2.682434	4.476233	7.647210
11.317653	8.408629	10.362350	12.337212	11.385961	10.933007	13.231482	15.753012	15.642591	14.797760	11.699401	10.599013	10.126156	9.008376	7.474941	5.708703	4.317356	2.682434	0.000000	2.844846	6.225062
13.290044	10.230600	12.012558	14.307993	13.712126	13.149089	15.158978	17.821159	17.884588	16.954576	13.717889	12.511165	11.354478	10.315594	9.427681	7.545648	5.410218	4.476233	2.844846	0.000000	3.546061
15.681971	12.827939	14.632812	17.077795	16.800278	16.409864	18.293947	21.018955	21.265165	20.417467	17.169363	15.925210	14.421660	13.316451	12.730052	10.974295	8.589412	7.647210	6.225062	3.546061	0.000000
