0.000000	3.833636	6.765600	10.485528	11.928474	15.168001	16.993202	15.987054	19.719318	22.191925	20.803041	17.001751	14.516276	11.904890	11.529987	8.851960	7.552639	10.049179	10.735047	14.509397	15.455282	16.924276	19.163399	20.569349	19.045416	17.719461	15.396580	12.439001
3.833636	0.000000	3.841857	7.096944	8.253333	11.638525	13.858804	13.362869	17.096384	19.685810	18.853788	15.184312	12.185568	9.143521	9.556882	7.584687	4.847761	7.201066	8.429688	11.894417	12.529444	13.475637	15.910280	17.709341	16.644718	15.519956	13.879440	11.370770
6.765600	3.841857	0.000000	3.841297	6.438196	10.102662	12.843533	13.355537	17.019892	20.065676	19.797062	16.400797	13.354613	9.705294	9.873780	7.752894	5.194963	5.088677	5.067302	8.366422	9.676489	10.820509	13.690290	15.183145	14.639853	14.377673	13.398790	10.794189
10.485528	7.096944	3.841297	0.000000	3.825672	7.333564	10.616024	12.155103	15.478543	18.675112	19.118269	16.170237	13.014841	9.262929	9.969694	8.942836	6.307192	4.257495	4.333687	5.932263	6.893203	7.284760	10.567542	12.334555	12.601359	12.956164	13.033570	11.195095
11.928474	8.253333	6.438196	3.825672	0.000000	3.828368	7.203694	8.832911	11.975086	15.020040	15.737912	13.054257	9.815751	6.308615	7.971737	8.522760	5.685371	4.354034	6.796443	7.592305	6.406541	5.625592	8.256546	10.902452	11.117841	10.854236	11.404899	10.635200
15.168001	11.638525	10.102662	7.333564	3.828368	0.000000	3.840772	6.614953	8.978410	12.096308	13.480886	11.547676	8.805704	6.176663	7.994385	9.918439	8.037275	6.584589	9.306966	8.929090	6.129035	4.213817	5.284087	8.643180	9.164481	8.825329	10.454250	10.989460
16.993202	13.858804	12.843533	10.616024	7.203694	3.840772	0.000000	3.831379	5.397594	8.854058	10.360456	9.082969	7.449024	6.100630	7.198188	10.178278	9.469621	8.514788	11.602328	11.187243	7.639598	6.630539	5.082844	8.011469	7.631808	6.279927	8.455816	10.288373
15.987054	13.362869	13.355537	12.155103	8.832911	6.614953	3.831379	0.000000	3.778604	6.986248	7.226178	5.340635	4.360679	4.434201	5.234177	8.995676	8.836649	9.312002	12.911802	13.474080	10.231282	10.039234	8.719870	10.996217	9.387481	6.472387	7.136107	9.336072
19.719318	17.096384	17.019892	15.478543	11.975086	8.978410	5.397594	3.778604	0.000000	3.812613	5.444857	5.901577	6.594703	8.031301	8.785741	12.558926	12.612720	12.818300	16.240913	16.235434	12.635783	11.970950	9.650357	11.769554	10.438709	7.636838	9.200451	12.235561
22.191925	19.685810	20.065676	18.675112	15.020040	12.096308	8.854058	6.986248	3.812613	0.000000	3.823521	6.322120	7.898907	10.578048	11.796252	15.656598	15.524326	16.242599	19.797604	19.914461	16.342154	15.321603	13.040011	15.294231	14.112878	11.262783	12.486573	15.578965
20.803041	18.853788	19.797062	19.118269	15.737912	13.480886	10.360456	7.226178	5.444857	3.823521	0.000000	3.825611	6.981579	10.185908	10.743143	14.446904	14.824097	16.210585	19.879864	20.630386	17.303896	16.968891	14.988113	16.919523	14.956176	11.482597	11.512316	14.444455
17.001751	15.184312	16.400797	16.170237	13.054257	11.547676	9.082969	5.340635	5.901577	6.322120	3.825611	0.000000	3.826793	6.983905	7.526229	11.088965	11.333937	13.212147	16.945456	18.225031	15.281752	15.279370	14.018689	16.075754	13.923368	10.346409	9.547145	11.751637
14.516276	12.185568	13.354613	13.014841	9.815751	8.805704	7.449024	4.360679	6.594703	7.898907	6.981579	3.826793	0.000000	3.847410	6.146172	9.569697	8.618618	10.686207	14.488745	15.910635	13.264199	12.858611	12.439282	15.064919	13.491398	10.460003	9.914804	11.251019
11.904890	9.143521	9.705294	9.262929	6.308615	6.176663	6.100630	4.434201	8.031301	10.578048	10.185908	6.983905	3.847410	0.000000	3.842299	6.685961	5.102900	6.884505	10.676953	12.260494	9.991245	9.957933	10.332808	12.850541	11.462621	9.086768	8.520450	8.876595
11.529987	9.556882	9.873780	9.969694	7.971737	7.994385	7.198188	5.234177	8.785741	11.796252	10.743143	7.526229	6.146172	3.842299	0.000000	3.864088	4.903480	6.228458	9.728739	11.547726	9.403157	10.754396	10.681254	12.092095	9.725386	7.022821	5.189665	5.218449
8.851960	7.584687	7.752894	8.942836	8.522760	9.918439	10.178278	8.995676	12.558926	15.656598	14.446904	11.088965	9.569697	6.685961	3.864088	0.000000	3.846570	5.112200	7.620235	10.359118	9.474644	11.722784	12.469259	13.260240	10.873013	9.069184	6.570346	3.949665
7.552639	4.847761	5.194963	6.307192	5.685371	8.037275	9.469621	8.836649	12.612720	15.524326	14.824097	11.333937	8.618618	5.102900	4.903480	3.846570	0.000000	3.847873	6.945812	9.808168	9.126830	10.321028	11.929145	13.661392	12.215860	10.741969	9.290080	7.423356
10.049179	7.201066	5.088677	4.257495	4.354034	6.584589	8.514788	9.312002	12.818300	16.242599	16.210585	13.212147	10.686207	6.884505	6.228458	5.112200	3.847873	0.000000	3.803790	6.022534	5.516914	7.366662	9.316275	10.576909	9.647928	9.345562	8.871909	6.985808
10.735047	8.429688	5.067302	4.333687	6.796443	9.306966	11.602328	12.911802	16.240913	19.797604	19.879864	16.945456	14.488745	10.676953	9.728739	7.620235	6.945812	3.803790	0.000000	3.838235	5.890406	8.398862	10.915704	11.318836	10.894217	11.681926	11.329529	8.787540
14.509397	11.894417	8.366422	5.932263	7.592305	8.929090	11.187243	13.474080	16.235434	19.914461	20.630386	18.225031	15.910635	12.260494	11.547726	10.359118	9.808168	6.022534	3.838235	0.000000	3.831328	6.347615	8.845994	8.716078	9.388258	11.331099	12.154145	10.489711
15.455282	12.529444	9.676489	6.893203	6.406541	6.129035	7.639598	10.231282	12.635783	16.342154	17.303896	15.281752	13.264199	9.991245	9.403157	9.474644	9.126830	5.516914	5.890406	3.831328	0.000000	3.824342	5.267032	5.605726	6.236087	8.038646	9.643287	9.129189
16.924276	13.475637	10.820509	7.284760	5.625592	4.213817	6.630539	10.039234	11.970950	15.321603	16.968891	15.279370	12.858611	9.957933	10.754396	11.722784	10.321028	7.366662	8.398862	6.347615	3.824342	0.000000	3.836800	6.330424	8.253139	9.688354	11.897663	12.041027
19.163399	15.910280	13.690290	10.567542	8.256546	5.284087	5.082844	8.719870	9.650357	13.040011	14.988113	14.018689	12.439282	10.332808	10.681254	12.469259	11.929145	9.316275	10.915704	8.845994	5.267032	3.836800	0.000000	3.859709	5.914865	7.408792	10.540714	11.832054
20.569349	17.709341	15.183145	12.334555	10.902452	8.643180	8.011469	10.996217	11.769554	15.294231	16.919523	16.075754	15.064919	12.850541	12.092095	13.260240	13.661392	10.576909	11.318836	8.716078	5.605726	6.330424	3.859709	0.000000	3.837650	7.088550	10.354805	11.570927
19.045416	16.644718	14.639853	12.601359	11.117841	9.164481	7.631808	9.387481	10.438709	14.112878	14.956176	13.923368	13.491398	11.462621	9.725386	10.873013	12.215860	9.647928	10.894217	9.388258	6.236087	8.253139	5.914865	3.837650	0.000000	3.834000	6.849164	8.446610
17.719461	15.519956	14.377673	12.956164	10.854236	8.825329	6.279927	6.472387	7.636838	11.262783	11.482597	10.346409	10.460003	9.086768	7.022821	9.069184	10.741969	9.345562	11.681926	11.331099	8.038646	9.688354	7.408792	7.088550	3.834000	0.000000	3.827373	6.750959
15.396580	13.879440	13.398790	13.033570	11.404899	10.454250	8.455816	7.136107	9.200451	12.486573	11.512316	9.547145	9.914804	8.520450	5.189665	6.570346	9.290080	8.871909	11.329529	12.154145	9.643287	11.897663	10.540714	10.354805	6.849164	3.827373	0.000000	3.824505
12.439001	11.370770	10.794189	11.195095	10.635200	10.989460	10.288373	9.336072	12.235561	15.578965	14.444455	11.751637	11.251019	8.876595	5.218449	3.949665	7.423356	6.985808	8.787540	10.489711	9.129189	12.041027	11.832054	11.570927	8.446610	6.750959	3.824505	0.000000
