0.000000	3.220248	6.379655	9.056489	10.022475	8.944831	10.416333	12.992690	13.357769	13.264238	15.787653	18.080376	18.462395	19.239023	21.685480	22.987823	23.150593	24.997200	27.640188	27.298534	26.980362	29.405102	28.602274	26.072399	27.430277	29.263630	27.487816	26.193317	28.753262	30.003502	28.060471	28.497545	31.611074	31.805033	29.869719	30.558468	32.800610	31.272354	30.145813	33.141666	34.205261	32.566547	34.472744	37.187229	36.764252	36.794701	38.899357	40.711422	39.331795	40.261768	38.733578	37.941273	39.884460	38.894859	36.272717	37.211155	39.140007	37.331089	36.093491	34.378189	32.372055	31.652647	30.696093	28.415665	26.588343	26.426691	25.087048	22.435019	21.560612	21.183483	18.937792	16.914787	16.783920	15.918856	12.929811	12.273956	13.112588	10.786565	7.775603	8.570298	11.564601	13.635615	16.127615	18.345026	18.116566	17.912008	20.414948	22.464642	21.394627	22.067398	24.913853	25.681511	25.081665	26.795895	29.642874	30.263180	28.900692	27.703791	24.704048	22.814690	20.739576	22.351063	21.630997	18.869553	19.854219	21.794724	20.570124	18.699732	21.198349	22.315914	20.118896	20.663738	23.385679	23.488508	22.214636	24.407581	26.830952	25.943592	24.548929	25.466251	24.105808	21.276749	20.375475	19.070396	16.441715	14.562280	14.660831	14.334923	11.280957	10.334892	11.920570	10.828204	8.283115	9.544632	11.633143	10.442223	9.860528	12.781237	13.477389	12.761662	14.509996	16.977633	17.392815	17.991943	20.342566	21.999090	22.615482	23.981243	26.046307	26.522068	24.382372	24.096060	25.046759
3.220248	0.000000	3.303030	5.964060	6.822024	5.976622	7.515983	9.955903	10.595283	10.870603	13.235559	15.428221	16.152710	17.075420	19.325373	20.741505	21.228754	22.995001	25.588083	25.579290	25.586521	28.087898	27.198162	24.864029	26.512072	28.299999	26.542231	25.560516	28.273310	29.449957	27.653933	28.396830	31.505713	31.646328	29.971485	30.880573	33.259735	31.940102	30.642454	33.570522	34.863876	33.241692	34.917904	37.558220	36.864075	36.883602	39.063152	40.687714	39.172695	39.966236	38.183769	37.159523	39.064819	38.233494	35.519855	36.236168	38.261864	36.575676	35.376404	33.882591	31.747440	30.856766	30.085546	27.938147	25.859041	25.719643	24.688662	21.962240	20.746325	20.555048	18.624983	16.262226	15.830035	15.379857	12.493599	11.150785	11.926861	10.224480	7.416874	9.441399	12.224975	14.551290	17.319065	19.184629	18.912958	19.191925	21.858179	23.642548	22.622997	23.646141	26.412687	26.940489	26.493017	28.476480	31.203045	31.533632	30.085876	29.038422	26.026140	24.196280	22.075777	23.379906	22.379677	19.566042	20.374002	22.013178	20.519258	18.489185	20.732582	21.577997	19.119101	19.480761	22.126453	22.005907	20.429880	22.616365	25.014597	23.845755	22.278688	23.084625	21.476032	18.676991	18.085630	16.870388	14.368020	12.167580	12.513592	12.780453	9.883824	8.730407	10.867842	10.529007	8.247423	9.544108	12.187697	11.732432	11.264990	14.075866	15.205591	14.978317	16.574980	18.940168	19.716490	20.492437	22.638683	24.360008	25.208927	26.545998	28.439058	28.880962	26.650517	26.358490	27.290474
6.379655	3.303030	0.000000	2.738612	4.201190	4.736032	5.924525	7.916438	9.321482	10.171529	11.985408	14.041368	15.347964	16.338299	18.214281	19.874105	20.766560	22.299330	24.842705	25.305532	25.689688	28.286747	27.365856	25.296047	27.218742	28.969984	27.287725	26.633249	29.455221	30.574009	28.949785	29.955467	33.031803	33.135178	31.703943	32.782616	35.247978	34.089001	32.645214	35.487041	36.946178	35.308640	36.775127	39.316792	38.394142	38.457642	40.710442	42.162304	40.555767	41.242817	39.228947	37.977890	39.812687	39.125824	36.332493	36.802307	38.886242	37.302681	36.094044	34.836185	32.625294	31.529829	30.900648	28.951166	26.654455	26.446360	25.712643	23.017603	21.449009	21.322289	19.757025	17.206104	16.343807	16.183016	13.611025	11.652039	12.010828	10.940291	8.654480	11.400439	13.774614	16.413713	19.276928	20.861927	20.755962	21.452740	24.164644	25.802715	24.943737	26.204771	28.875595	29.294367	29.027401	31.155096	33.750259	33.933170	32.492924	31.598734	28.622196	26.879177	24.766308	25.871412	24.673468	21.866871	22.552383	23.931778	22.230385	20.122128	22.089592	22.652594	19.982243	20.143734	22.646193	22.267691	20.358047	22.485775	24.814915	23.282827	21.493486	22.090044	20.099005	17.422974	17.311846	16.178383	13.860376	11.342839	12.188519	13.203409	10.670521	9.483144	12.041595	12.389109	10.484751	11.671333	14.574292	14.559533	14.085809	16.758879	18.143318	18.085354	19.512560	21.863668	22.827396	23.592583	25.617182	27.427359	28.348898	29.605743	31.465696	31.968735	29.743237	29.492033	30.427950
9.056489	5.964060	2.738612	0.000000	2.984962	4.754998	5.015974	6.331667	8.459906	9.626006	10.779146	12.698818	14.465821	15.411683	16.928675	18.801598	19.981241	21.264526	23.755842	24.604675	25.279636	27.945662	27.048662	25.222809	27.333862	29.068539	27.507818	27.119549	29.997501	31.107716	29.671703	30.860493	33.892773	34.022640	32.823467	33.981758	36.481503	35.439243	33.840950	36.580189	38.167789	36.494385	37.759899	40.192165	39.076462	39.210842	41.533844	42.833866	41.182644	41.816143	39.623352	38.190311	39.927559	39.335102	36.485203	36.741936	38.837097	37.322781	36.086285	35.032841	32.789177	31.516504	30.992098	29.237474	26.786564	26.498489	26.016533	23.394657	21.552725	21.466719	20.235117	17.593464	16.394512	16.486053	14.256227	11.896639	11.923086	11.480852	9.771387	12.904651	14.892950	17.646246	20.551886	21.853146	21.842390	22.889736	25.624403	27.097233	26.379726	27.856237	30.419401	30.727512	30.638048	32.895897	35.347702	35.388981	33.975433	33.248459	30.335623	28.719507	26.659895	27.609238	26.205723	23.440563	24.085886	25.220032	23.330023	21.247587	23.004566	23.283901	20.483408	20.576929	22.909168	22.261402	20.158125	22.266344	24.459354	22.600222	20.744879	21.253471	18.966022	16.396950	16.811306	15.915401	13.943099	11.204463	12.238463	13.851714	11.760952	10.455143	13.095800	13.986779	12.339772	13.281567	16.325134	16.670332	16.119864	18.629547	20.255863	20.354361	21.590275	23.906067	25.077679	25.845116	27.716061	29.611822	30.638536	31.811317	33.599255	34.163429	31.954031	31.786160	32.777431
10.022475	6.822024	4.201190	2.984962	0.000000	3.101613	4.330127	4.768647	6.313478	8.176186	9.674710	11.060289	12.759704	14.191195	15.697453	17.210752	18.598387	20.154652	22.422533	23.208618	24.017702	26.524517	25.377943	23.598305	25.839697	27.379005	25.658331	25.419676	28.340431	29.229095	27.765806	29.148241	32.125225	32.066338	30.954323	32.349808	34.966412	34.135174	32.611961	35.346851	37.073036	35.594803	36.809509	39.274673	38.056011	37.966038	40.207588	41.413643	39.600254	40.022991	37.737251	36.242657	38.074402	37.656605	34.827862	35.059093	37.301342	35.980549	34.974419	33.991322	31.606644	30.431234	30.149628	28.318899	25.798256	25.817436	25.507843	22.735876	20.931078	21.262409	20.116909	17.262098	16.364902	16.923357	14.610613	12.200821	12.819906	12.783583	11.082871	14.242894	16.388716	18.759533	21.745115	22.944063	22.517992	23.501703	26.322994	27.574810	26.590601	28.127922	30.702604	30.761177	30.508034	32.907902	35.415958	35.182526	33.547279	32.724457	29.736511	27.991072	25.818598	26.487732	25.105577	22.351959	22.682592	23.673193	21.818800	19.552237	21.029980	21.301878	18.476471	18.253220	20.530952	19.984493	17.712143	19.649937	21.920082	20.168787	18.098618	18.455351	16.232067	13.708756	13.933054	12.954150	11.037210	8.271034	9.521029	11.329608	9.555627	8.515869	11.307078	12.470767	11.345484	12.526374	15.482894	16.149614	16.056774	18.455624	20.035221	20.546778	21.983858	24.056807	25.284384	26.375368	28.219320	29.936766	31.133745	32.476913	34.049965	34.345451	31.945736	31.552338	32.353516
8.944831	5.976622	4.736032	4.754998	3.101613	0.000000	2.858322	4.386342	4.743417	5.883027	8.169456	9.836158	10.908255	12.291867	14.236223	15.541237	16.558382	18.356745	20.702415	21.088860	21.626604	24.102491	22.990870	21.022369	23.126823	24.729940	23.002827	22.597788	25.492352	26.479048	24.989998	26.255285	29.265165	29.316380	28.166824	29.432125	32.000156	31.109644	29.554695	32.294582	33.994263	32.499386	33.739887	36.227890	35.063942	34.973705	37.214645	38.479214	36.719749	37.236275	35.047970	33.656353	35.495071	34.965126	32.154316	32.514919	34.714409	33.315159	32.304955	31.201761	28.837128	27.758602	27.419338	25.476656	23.031500	23.121851	22.700882	19.865046	18.207964	18.616928	17.333494	14.454758	13.845939	14.481022	12.003750	9.770364	10.936636	10.924284	9.202718	12.258060	14.477914	16.466330	19.471775	20.617710	19.906281	20.818502	23.671503	24.804235	23.699787	25.271723	27.831457	27.795502	27.508543	29.963144	32.460899	32.146072	30.474907	29.666647	26.696068	25.007599	22.887987	23.541027	22.071020	19.333651	19.762085	20.733067	18.832951	16.658030	18.292074	18.574446	15.781633	15.841084	18.217024	17.688980	15.688850	17.853292	20.119890	18.548855	16.832706	17.615335	15.765150	12.944111	12.924782	12.205327	10.388455	7.616429	7.860661	9.373365	7.505331	5.873670	8.487049	9.798980	8.633655	9.544108	12.538739	13.428700	13.318409	15.572091	17.266441	17.991941	19.358976	21.299061	22.673773	23.895187	25.611521	27.292673	28.637913	29.999500	31.409872	31.639690	29.210443	28.863298	29.735668
10.416333	7.515983	5.924525	5.015974	4.330127	2.858322	0.000000	2.879236	4.337051	4.679744	6.062179	8.244998	9.636390	10.509045	12.290648	14.030682	15.028307	16.457825	18.963652	19.631351	20.270668	22.930328	22.067850	20.278809	22.426323	24.188013	22.759613	22.487997	25.371834	26.572353	25.351332	26.611465	29.595268	29.894817	28.962391	30.049292	32.516151	31.582592	29.770624	32.365879	34.094868	32.410492	33.446823	35.777786	34.487823	34.649242	37.025665	38.201309	36.547642	37.210079	34.940666	33.439198	35.080051	34.469841	31.596359	31.788204	33.859119	32.359699	31.148996	30.177143	27.894979	26.585899	26.167728	24.464464	21.931713	21.736835	21.445280	18.790157	16.845177	17.051100	16.060513	13.226112	12.118582	12.819906	10.766615	8.149234	8.865664	9.453570	8.442750	11.807202	13.514437	15.616339	18.619883	19.454563	18.947557	20.282507	23.109524	24.112654	23.298285	25.102390	27.500908	27.446312	27.475264	30.006332	32.272900	31.928984	30.436327	29.918892	27.118446	25.738106	23.831701	24.493877	22.718716	20.086315	20.771376	21.512091	19.349678	17.479702	19.115702	19.021568	16.165705	16.574982	18.758200	17.796911	15.883011	18.261162	20.242037	18.273752	16.891121	17.942966	15.900629	13.022288	13.754272	13.603677	12.327611	9.426558	9.257429	11.176314	9.754999	7.685702	9.813257	11.552922	10.289315	10.447968	13.559868	14.698980	14.098582	16.107763	18.167555	18.863192	19.797474	21.780268	23.436085	24.495102	25.964977	27.843491	29.277296	30.430248	31.798586	32.246861	29.966316	29.913208	31.029020
12.992690	9.955903	7.916438	6.331667	4.768647	4.386342	2.879236	0.000000	3.043025	4.657252	5.108816	6.433506	8.458723	9.716482	10.981348	12.668465	14.192250	15.539949	17.786230	18.834543	19.884415	22.464417	21.440617	19.954449	22.357325	23.934284	22.511551	22.599556	25.527634	26.539404	25.466448	27.005554	29.883942	30.056114	29.369541	30.683708	33.239887	32.544891	30.697229	33.192471	35.094303	33.529839	34.377609	36.629768	35.129475	35.192043	37.550632	38.533752	36.737720	37.198654	34.722904	33.025291	34.643036	34.249088	31.357613	31.335283	33.514328	32.226387	31.162315	30.430740	28.040327	26.651453	26.505470	24.945141	22.260504	22.213058	22.272181	19.636190	17.519417	18.045221	17.432442	14.497587	13.345787	14.519642	12.805078	10.072737	10.757788	11.910499	11.221854	14.596576	16.145897	18.133396	21.119423	21.734995	21.115396	22.598452	25.431084	26.216219	25.362177	27.294321	29.609964	29.354897	29.397278	32.055420	34.251274	33.667343	32.073040	31.603006	28.820826	27.439753	25.506470	25.890924	24.042669	21.487438	21.907532	22.377222	20.153412	18.202473	19.423697	19.094763	16.167252	16.243769	18.179659	17.049927	14.820930	17.008821	18.890472	16.661932	15.040609	15.878916	13.558022	10.834665	12.070210	12.159358	11.361338	8.426742	8.538734	11.078808	10.332956	8.598837	10.727069	12.875558	12.141664	12.400403	15.381157	16.805058	16.467545	18.319662	20.393381	21.334244	22.303587	24.132343	25.865421	27.066954	28.465242	30.276228	31.814617	33.010452	34.247627	34.583668	32.221886	32.068832	33.077030
13.357769	10.595283	9.321482	8.459906	6.313478	4.743417	4.337051	3.043025	0.000000	2.994996	4.777030	5.404628	6.576473	8.466995	10.113853	11.133284	12.555476	14.418392	16.476954	17.101461	18.049099	20.436487	19.179678	17.569860	19.991247	21.424049	19.818424	19.913311	22.861320	23.728884	22.590261	24.214045	27.066029	27.131348	26.471684	27.905016	30.523924	29.961809	28.191132	30.694300	32.673386	31.277628	32.130047	34.438641	32.921421	32.775295	35.047821	36.011803	34.113338	34.453735	31.981558	30.319136	32.049026	31.726646	28.870745	28.944082	31.232836	30.057611	29.204279	28.424109	25.926819	24.722055	24.743889	23.015213	20.349201	20.650908	20.754517	17.954945	16.036520	16.990881	16.330034	13.275542	12.682666	14.221814	12.372954	9.944848	11.400439	12.615863	11.844408	14.936533	16.638811	18.114635	21.081982	21.651098	20.573282	21.873043	24.733379	25.311066	24.168987	26.100958	28.410736	27.932240	27.791725	30.542593	32.787346	31.973269	30.184433	29.617731	26.797388	25.337719	23.359365	23.508720	21.669563	19.168985	19.363882	19.697208	17.508284	15.467061	16.508785	16.182398	13.253677	13.210602	15.167727	14.153444	11.928956	14.147084	16.137222	14.168980	12.583321	13.622774	11.705553	8.752713	9.563994	9.844287	9.304836	6.542934	5.831808	8.422587	8.207922	6.488451	8.275868	10.756392	10.565036	10.793054	13.519615	15.269250	15.302287	16.921879	18.930136	20.251667	21.338463	22.881214	24.664955	26.148041	27.472349	29.092094	30.789122	32.121799	33.125519	33.212196	30.711725	30.395559	31.272511
13.264238	10.870603	10.171529	9.626006	8.176186	5.883027	4.679744	4.657252	2.994996	0.000000	3.342156	5.053711	5.304715	6.485368	8.718946	9.882307	10.686908	12.550698	14.905704	15.229248	15.858751	18.402718	17.423262	15.661736	17.912006	19.595407	18.210436	18.128706	21.030691	22.208782	21.193630	22.607300	25.499411	25.875471	25.246386	26.362473	28.833660	28.110853	26.154348	28.594580	30.511311	28.933372	29.731297	31.980463	30.490820	30.551760	32.925068	33.944660	32.211956	32.801373	30.428442	28.846146	30.450453	29.900671	27.017958	27.156031	29.282419	27.892830	26.840269	25.967287	23.572229	22.305828	22.132557	20.422781	17.789324	17.907261	17.906982	15.154207	13.188630	14.020700	13.364880	10.323276	9.702578	11.344162	9.659193	7.306847	9.041018	10.560777	10.247928	13.152567	14.549914	15.717825	18.622030	18.985786	17.824421	19.284708	22.116735	22.560143	21.524172	23.587072	25.787981	25.279634	25.315805	28.108006	30.208939	29.389112	27.725260	27.349224	24.661915	23.461672	21.692625	21.926468	19.845402	17.432728	17.974703	18.215105	15.830667	14.158389	15.471586	14.951255	12.064410	12.712592	14.656398	13.392908	11.688028	14.294405	16.046183	14.074446	13.224598	14.847559	13.280436	10.224480	11.120252	11.816091	11.447707	8.919641	7.325298	9.330058	9.065318	6.738695	7.711031	10.329085	9.920181	9.345588	12.060266	14.027829	13.672235	14.983325	17.270206	18.641352	19.376274	20.854258	22.875534	24.292591	25.378338	27.095018	28.902941	30.098171	30.993710	31.202242	28.816662	28.750999	29.857998
15.787653	13.235559	11.985408	10.779146	9.674710	8.169456	6.062179	5.108816	4.777030	3.342156	0.000000	3.047950	4.473254	4.752894	6.229768	8.200610	9.375500	10.536129	12.978829	14.014278	15.072160	17.788481	17.065756	15.786070	18.185984	19.920090	18.936472	19.214577	22.048584	23.334524	22.701101	24.214458	26.971651	27.523264	27.225174	28.259335	30.634785	29.980162	27.788126	29.999334	31.992657	30.287127	30.776289	32.790546	31.078289	31.376106	33.863403	34.683281	33.013031	33.651154	31.106592	29.312286	30.661703	30.145315	27.210659	27.021843	29.034290	27.652847	26.439554	25.872957	23.552919	21.961330	21.840330	20.549454	17.772732	17.583515	17.953552	15.537053	13.149525	13.845217	13.823532	10.982715	9.660747	11.544696	10.693457	8.098149	9.003889	11.298673	11.724761	14.764147	15.600962	16.887865	19.688829	19.659859	18.768591	20.688402	23.423492	23.678896	22.978685	25.264601	27.244265	26.679018	27.046997	29.900669	31.723335	30.818987	29.333599	29.267218	26.789925	25.883972	24.315428	24.481831	22.171377	19.940161	20.591745	20.541180	17.983883	16.619566	17.695763	16.733501	13.903237	14.658105	16.176527	14.409025	12.691730	15.264338	16.570154	14.010711	13.441726	15.140674	13.234801	10.415853	12.343824	13.534032	13.678451	11.118004	9.806631	12.206555	12.251939	10.041913	10.929319	13.629381	13.184840	12.362445	15.026644	17.060188	16.404268	17.521702	20.011250	21.309389	21.709215	23.203665	25.412203	26.669458	27.543602	29.411053	31.268356	32.273056	33.128239	33.521488	31.277630	31.434217	32.696636
18.080376	15.428221	14.041368	12.698818	11.060289	9.836158	8.244998	6.433506	5.404628	5.053711	3.047950	0.000000	3.033151	4.451967	4.983976	6.335615	8.331266	9.640541	11.534298	12.862738	14.402778	16.865942	15.835721	14.913418	17.583515	18.999474	17.963854	18.659313	21.496281	22.491110	22.005682	23.827085	26.423853	26.789179	26.759298	28.062431	30.529657	30.174494	28.017673	30.113287	32.289009	30.799677	31.110931	33.058887	31.146591	31.237638	33.643127	34.251717	32.395836	32.760494	30.012499	28.029270	29.394730	29.153904	26.236807	25.850533	28.025347	26.946056	26.011921	25.692020	23.229507	21.663103	21.934677	20.739576	17.870087	18.031363	18.784569	16.385666	14.030680	15.238111	15.527396	12.701576	11.725187	13.971758	13.259714	10.868764	11.954079	14.299999	14.634891	17.627535	18.538069	19.630842	22.390175	22.251741	21.123684	22.999565	25.717894	25.746845	24.885941	27.216354	29.124559	28.316072	28.588634	31.547424	33.335869	32.142494	30.488523	30.401974	27.939043	26.984627	25.376564	25.208134	22.897598	20.795193	21.089571	20.741507	18.215105	16.775578	17.323685	16.126377	13.331543	13.670773	14.821944	12.890695	10.881637	13.201895	14.331086	11.510431	10.818965	12.467959	10.503809	7.874008	10.372078	12.030794	12.844844	10.614141	9.284396	11.965366	12.728707	10.938465	11.668762	14.596233	14.690473	14.067695	16.476954	18.730190	18.445868	19.420094	21.806881	23.383757	23.913593	25.190079	27.411860	28.878540	29.709932	31.424513	33.391914	34.498985	35.176842	35.364952	33.002125	32.983936	34.075504
18.462395	16.152710	15.347964	14.465821	12.759704	10.908255	9.636390	8.458723	6.576473	5.304715	4.473254	3.033151	0.000000	2.908608	4.538723	4.701064	6.067124	8.154754	10.004000	10.583477	11.842297	14.220407	13.095420	11.967038	14.615745	16.041819	14.979319	15.636176	18.466455	19.509228	19.073805	20.867437	23.443121	23.896862	23.937002	25.163069	27.591667	27.278929	25.087645	27.133926	29.347231	27.916664	28.186699	30.144487	28.223927	28.238094	30.623848	31.241320	29.380438	29.775997	27.076744	25.161081	26.561815	26.254715	23.339451	23.076611	25.275681	24.176226	23.331095	22.917242	20.395342	18.962332	19.308289	17.972479	15.120185	15.550241	16.334625	13.845217	11.667904	13.283072	13.603677	10.815269	10.409612	12.961867	12.331262	10.431204	12.070626	14.410066	14.819583	17.430147	18.301367	18.857624	21.493254	21.228754	19.714207	21.478827	24.146429	23.927809	22.893448	25.258068	27.073233	26.060699	26.269945	29.299147	31.034174	29.642876	27.897491	27.837385	25.447004	24.587193	23.087009	22.745770	20.331749	18.396740	18.663601	18.093370	15.510964	14.286357	14.730581	13.336417	10.628735	11.305309	12.342205	10.263041	8.672370	11.284060	12.289020	9.722654	9.720596	11.957007	10.744765	8.049845	9.997000	11.959097	12.984221	11.131038	9.008884	11.166468	12.284137	10.463748	10.419213	13.437634	13.846661	12.874005	14.882541	17.400576	17.227015	17.814039	20.206434	22.058105	22.495777	23.481482	25.814919	27.441757	28.089146	29.673220	31.791510	32.928104	33.364204	33.409580	31.018383	30.993225	32.080212
19.239023	17.075420	16.338299	15.411683	14.191195	12.291867	10.509045	9.716482	8.466995	6.485368	4.752894	4.451967	2.908608	0.000000	2.942789	4.216634	4.657252	6.071245	8.538150	9.275235	10.404806	13.130118	12.574181	11.587493	14.033531	15.777832	15.211837	15.802215	18.479448	19.892963	19.729420	21.288729	23.822678	24.641024	24.786690	25.650730	27.866467	27.388683	24.954557	26.839338	28.974817	27.289558	27.392151	29.175503	27.211946	27.583509	30.118101	30.720352	29.086939	29.772974	27.135403	25.233707	26.366835	25.824987	22.877281	22.521322	24.454039	23.103895	21.914833	21.555973	19.220039	17.514851	17.623564	16.570757	13.693794	13.651739	14.522395	12.339772	9.840731	11.165124	11.895377	9.383496	8.517041	11.190620	11.223189	9.459915	10.736852	13.467367	14.456832	16.902367	17.284676	17.700563	20.172752	19.580603	18.221142	20.318956	22.870287	22.506443	21.785545	24.316454	25.933376	24.941933	25.480385	28.509296	29.990997	28.640182	27.144243	27.390873	25.225582	24.713762	23.479992	23.276382	20.639282	18.855770	19.506151	18.853382	16.123585	15.366847	16.035275	14.433989	11.936917	13.200380	14.092196	11.771576	10.768008	13.459199	14.073380	11.419720	12.064411	14.478606	13.297745	10.780539	12.881771	14.858668	15.766103	13.771710	11.649035	13.627545	14.441606	12.320308	12.105371	14.997001	15.068841	13.623508	15.616338	18.120153	17.496571	17.847689	20.469002	22.189636	22.219360	23.219389	25.747427	27.173698	27.577164	29.323370	31.479517	32.398148	32.795578	33.071136	30.878796	31.169857	32.513996
21.685480	19.325373	18.214281	16.928675	15.697453	14.236223	12.290648	10.981348	10.113853	8.718946	6.229768	4.983976	4.538723	2.942789	0.000000	3.108054	4.691481	4.847680	6.942622	8.823264	10.682696	13.279307	12.817567	12.525573	15.099006	16.635504	16.356649	17.373831	19.921095	21.214380	21.349709	23.080944	25.415350	26.221748	26.663458	27.606159	29.786911	29.481180	26.973135	28.651178	30.879442	29.230465	29.069742	30.645882	28.470863	28.905882	31.444237	31.805346	30.145149	30.718887	27.893190	25.768198	26.702997	26.339895	23.411322	22.695593	24.589836	23.426695	22.268810	22.293495	20.005249	18.092262	18.439360	17.807020	14.903020	14.777347	16.066734	14.255175	11.659329	12.955308	14.144258	11.913439	10.781466	13.413798	13.805072	11.936918	12.742842	15.678329	16.839834	19.418806	19.624985	20.167549	22.569004	21.789448	20.597330	22.879250	25.347385	24.860010	24.297119	26.908178	28.382387	27.317394	27.994820	31.047060	32.361088	30.894983	29.462349	29.856993	27.815643	27.408939	26.236807	25.907721	23.227139	21.564787	22.109047	21.266172	18.548046	17.854412	18.201925	16.377424	14.008926	15.010997	15.510320	12.957238	11.825819	14.186262	14.392360	11.287604	12.056949	14.336319	12.952606	10.901377	13.663822	15.907861	17.184587	15.247952	13.425350	15.698727	16.730213	14.763809	14.736351	17.695480	17.838442	16.517263	18.531324	21.041388	20.422783	20.773542	23.406410	25.116529	25.089043	26.082561	28.648386	30.037477	30.372356	32.148094	34.323463	35.180389	35.539978	35.854149	33.701336	34.026756	35.369762
22.987823	20.741505	19.874105	18.801598	17.210752	15.541237	14.030682	12.668465	11.133284	9.882307	8.200610	6.335615	4.701064	4.216634	3.108054	0.000000	3.038091	4.456457	5.479051	6.812488	8.947625	11.141812	10.245487	10.167103	12.935995	14.150617	13.796375	15.129110	17.630371	18.681808	18.951254	20.881330	23.055151	23.743631	24.408195	25.511173	27.731571	27.682484	25.240641	26.814362	29.184242	27.780209	27.507998	29.072495	26.780775	26.944572	29.370733	29.596283	27.769588	28.124901	25.189880	22.979555	23.991039	23.817852	20.913870	20.158125	22.243652	21.339399	20.536308	20.654779	18.193129	16.474525	17.228174	16.509693	13.612494	14.064493	15.596152	13.727709	11.465599	13.391789	14.621902	12.455923	12.025806	14.866405	15.132085	13.600368	14.898993	17.668900	18.625254	21.018326	21.395794	21.576145	23.912758	23.119257	21.528816	23.588133	26.019417	25.297827	24.456696	27.039415	28.448196	27.115677	27.609598	30.737272	32.046528	30.279696	28.640705	28.972055	26.967573	26.535070	25.381292	24.725088	22.062185	20.605339	20.850658	19.703047	17.067219	16.459646	16.349007	14.289857	12.154423	13.021137	13.093892	10.382196	9.485251	11.677756	11.549026	8.482334	9.843272	12.434228	11.667477	9.896464	12.432217	15.002667	16.704790	15.229577	13.094274	15.096026	16.642717	14.964292	14.504482	17.501143	18.107733	16.814875	18.429594	21.136700	20.862167	20.963779	23.452078	25.470375	25.548777	26.236616	28.804686	30.437313	30.692343	32.249031	34.554016	35.533928	35.649544	35.700142	33.433815	33.586010	34.765789
23.150593	21.228754	20.766560	19.981241	18.598387	16.558382	15.028307	14.192250	12.555476	10.686908	9.375500	8.331266	6.067124	4.657252	4.691481	3.038091	0.000000	3.163859	4.733921	4.649732	6.181424	8.711488	8.254698	7.946069	10.469480	12.021232	12.015408	13.136971	15.503549	16.912125	17.344740	19.002106	21.162466	22.185358	22.877718	23.631546	25.664566	25.481564	22.879250	24.342968	26.650892	25.108765	24.751970	26.249954	23.976238	24.325708	26.843807	27.136875	25.485683	26.119341	23.337954	21.273695	22.165289	21.692858	18.756334	18.142769	20.047195	18.861071	17.847408	17.827227	15.432433	13.652107	14.251317	13.543264	10.640019	11.029959	12.624974	10.911462	8.706893	10.811568	12.271512	10.478550	10.361949	13.271774	13.892803	12.884874	14.318170	17.071611	18.266090	20.253889	20.383572	20.116163	22.222736	21.212496	19.443764	21.528353	23.815540	22.858915	22.066717	24.717201	25.943209	24.503265	25.126480	28.264641	29.399490	27.553766	26.010382	26.527910	24.718010	24.560944	23.656288	23.012604	20.187372	18.958113	19.451477	18.165352	15.457685	15.334602	15.385058	13.167765	11.337548	12.865459	12.887980	10.129167	10.084642	12.484391	12.187289	9.687105	11.671332	14.533410	14.185204	12.280473	14.281107	16.762756	18.271835	16.834785	14.346080	15.892766	17.309246	15.465446	14.534442	17.370665	17.921495	16.216351	17.511709	20.278809	19.828262	19.547634	22.100452	24.172918	23.968523	24.459558	27.163210	28.763866	28.766127	30.306931	32.701836	33.574543	33.516266	33.604317	31.454889	31.788834	33.115105
24.997200	22.995001	22.299330	21.264526	20.154652	18.356745	16.457825	15.539949	14.418392	12.550698	10.536129	9.640541	8.154754	6.071245	4.847680	4.456457	3.163859	0.000000	3.082207	4.801041	6.754258	9.334881	9.627565	10.004499	12.193440	13.781872	14.322709	15.551527	17.647947	19.202864	19.930128	21.473938	23.472111	24.697775	25.560516	26.117044	27.965338	27.733372	24.968981	26.197136	28.445385	26.728638	26.114172	27.325262	24.929701	25.632988	28.240749	28.377455	26.924524	27.710108	24.906425	22.748627	23.271229	22.735216	19.851700	18.907406	20.490486	19.225243	17.899719	18.223610	16.124825	13.958151	14.450260	14.376718	11.588788	11.343279	13.226487	12.141253	9.712878	11.266766	13.246132	11.871395	11.150785	13.904317	15.092382	14.021056	14.872123	17.894413	19.482815	21.498606	21.240057	21.069647	23.027376	21.725100	20.286695	22.703747	24.847334	23.797480	23.384823	26.152437	27.170938	25.786430	26.739672	29.833202	30.694300	28.896366	27.624807	28.431322	26.840456	26.941605	26.210114	25.671190	22.750824	21.613424	22.307173	21.003572	18.273752	18.335213	18.455624	16.180855	14.462020	16.016556	15.930161	13.110683	13.040322	15.265976	14.698300	11.941943	13.963167	16.665234	16.036522	14.350611	16.807737	19.330288	20.856894	19.230186	16.968796	18.747000	20.002501	18.021378	17.310692	20.142742	20.445293	18.639206	20.090048	22.767084	22.020218	21.728783	24.414341	26.304754	25.841053	26.425365	29.225502	30.617807	30.472612	32.169861	34.544174	35.220165	35.183662	35.496761	33.527302	34.097214	35.595226
27.640188	25.588083	24.842705	23.755842	22.422533	20.702415	18.963652	17.786230	16.476954	14.905704	12.978829	11.534298	10.004000	8.538150	6.942622	5.479051	4.733921	3.082207	0.000000	3.737645	6.578753	8.315045	8.471717	9.751410	11.955750	13.037637	13.834015	15.555384	17.402586	18.670027	19.735500	21.479523	23.157288	24.300205	25.533115	26.220982	28.027485	28.102312	25.368286	26.337234	28.723162	27.235638	26.344828	27.362930	24.744089	25.287743	27.780207	27.614126	26.046305	26.588905	23.595551	21.223572	21.584484	21.332369	18.536718	17.236298	18.881208	18.005831	17.024099	17.774136	15.647682	13.529596	14.572920	14.797634	12.169635	12.355160	14.613006	13.780058	11.714093	13.577924	15.669716	14.444722	14.032819	16.818146	17.973869	16.969679	17.930422	20.923908	22.420973	24.432970	24.239223	23.945982	25.838732	24.471617	22.878155	25.201189	27.262611	26.006538	25.487839	28.243408	29.127306	27.525261	28.416016	31.543619	32.288696	30.214235	28.849089	29.697811	28.232428	28.379745	27.705776	26.878429	23.984577	23.072927	23.501701	21.906391	19.302589	19.463299	19.113085	16.621071	15.227935	16.523014	15.921370	13.015759	13.144199	14.908052	13.793477	11.072940	13.551754	16.220051	15.946474	14.786481	17.302601	20.061407	21.977034	20.655750	18.396738	20.133802	21.756378	20.012247	19.177071	22.044727	22.643543	20.940392	22.183102	24.963575	24.443609	24.026236	26.604887	28.676123	28.270479	28.655539	31.455523	32.986210	32.759121	34.312969	36.774174	37.499599	37.273182	37.421383	35.406498	35.872829	37.250237
27.298534	25.579290	25.305532	24.604675	23.208618	21.088860	19.631351	18.834543	17.101461	15.229248	14.014278	12.862738	10.583477	9.275235	8.823264	6.812488	4.649732	4.801041	3.737645	0.000000	3.054506	4.752894	5.047773	6.260992	8.249243	9.438750	10.462791	12.092974	13.781873	15.215125	16.403049	17.983883	19.600765	20.925823	22.202028	22.698677	24.399385	24.482851	21.722340	22.617693	25.019394	23.598942	22.686119	23.756683	21.157032	21.597687	24.089209	24.005207	22.445936	23.108440	20.237097	18.026926	18.476473	18.009443	15.143976	14.135771	15.850238	14.809457	13.924438	14.418390	12.118580	10.191173	11.403508	11.371896	8.788061	9.534148	11.861280	11.050792	9.522079	11.866340	13.871194	12.949903	13.265368	16.057396	17.156631	16.685923	18.082863	20.819702	22.215984	23.824778	23.678473	22.891047	24.603455	23.217878	21.227812	23.285404	25.228159	23.742159	23.001305	25.698637	26.469795	24.659481	25.432655	28.574989	29.274733	27.000927	25.530766	26.389582	25.049152	25.323902	24.820152	23.841141	20.917219	20.294088	20.718592	18.918245	16.399391	16.959070	16.526949	13.918694	12.985377	14.670380	13.908272	11.105856	12.048237	13.875159	12.673201	10.741508	13.698176	16.652927	16.957596	15.615699	17.431295	20.121880	21.950399	20.870314	18.234308	19.432962	21.128891	19.453535	18.104420	20.763430	21.549944	19.651718	20.408823	23.252743	22.851257	22.060144	24.511425	26.767330	26.290113	26.350901	29.170876	30.831478	30.433043	31.799528	34.363209	35.125347	34.653137	34.629612	32.614262	33.060398	34.409737
26.980362	25.586521	25.689688	25.279636	24.017702	21.626604	20.270668	19.884415	18.049099	15.858751	15.072160	14.402778	11.842297	10.404806	10.682696	8.947625	6.181424	6.754258	6.578753	3.054506	0.000000	3.075712	4.401137	4.805206	5.961543	7.705842	9.100550	10.239629	11.700000	13.569451	14.811144	15.996563	17.630087	19.290932	20.473886	20.585917	22.090269	21.991362	19.108898	19.941164	22.251741	20.696377	19.774982	20.862646	18.346388	18.944921	21.537409	21.631920	20.263515	21.268051	18.670567	16.763056	17.190987	16.295706	13.400373	12.800391	14.305944	12.814445	11.666189	11.764352	9.457800	7.539894	8.535221	8.324061	5.749783	6.720862	9.080748	8.511756	7.505996	9.993998	11.992497	11.574540	12.362846	14.976314	16.201851	16.250845	17.802807	20.315756	21.758217	22.949726	22.682592	21.476732	22.940792	21.458330	19.256426	21.177818	22.948854	21.261703	20.488775	23.170021	23.780664	21.862295	22.684576	25.806200	26.383327	24.037886	22.622774	23.611013	22.452394	22.966278	22.701761	21.752470	18.749399	18.379335	19.023407	17.160711	14.687069	15.711779	15.487737	12.920527	12.371338	14.546822	13.892804	11.356497	12.861181	14.830038	13.783323	12.461541	15.449596	18.505404	19.004473	17.419531	18.773918	21.279568	22.854977	21.809631	18.962067	19.754745	21.278627	19.545076	17.859451	20.255615	20.995476	18.845160	19.241880	22.040417	21.548317	20.418127	22.817974	25.099800	24.415979	24.254894	27.127291	28.770296	28.163095	29.457426	32.077717	32.770412	32.131138	32.097973	30.184433	30.760687	32.210247
29.405102	28.087898	28.286747	27.945662	26.524517	24.102491	22.930328	22.464417	20.436487	18.402718	17.788481	16.865942	14.220407	13.130118	13.279307	11.141812	8.711488	9.334881	8.315045	4.752894	3.075712	0.000000	2.833724	4.555218	4.851804	5.735853	7.840919	9.416476	10.261092	11.886547	13.626812	14.850253	16.012495	17.718353	19.320974	19.416489	20.760059	20.991903	18.168381	18.623373	21.057539	19.811110	18.565830	19.437336	16.699999	17.054325	19.506409	19.306475	17.835079	18.681276	15.970285	13.952061	14.214430	13.433169	10.566457	9.767803	11.384200	10.203430	9.603125	10.052860	7.616429	6.067126	7.996876	8.041767	6.216110	7.945439	10.368220	10.175953	9.881296	12.426585	14.308740	14.105674	15.199343	17.736685	18.877501	19.072756	20.755722	23.164845	24.497349	25.565016	25.365332	23.952246	25.278847	23.774776	21.383406	23.072496	24.676508	22.763569	21.831400	24.396107	24.810886	22.641996	23.331739	26.416283	26.839151	24.168989	22.645309	23.671503	22.744011	23.368568	23.260912	21.987951	19.085598	19.104448	19.480503	17.294218	15.117209	16.405489	15.712734	13.022289	13.098474	15.096027	13.935208	11.595258	13.565764	15.052907	13.562449	12.814445	16.140322	19.148628	20.098507	18.848343	19.963469	22.544622	24.336187	23.607203	20.704105	21.266642	23.049513	21.550640	19.660622	21.938778	22.951036	20.874866	20.927256	23.749950	23.494894	22.158070	24.350359	26.801121	26.149954	25.691633	28.511227	30.294060	29.551649	30.617315	33.317863	34.055836	33.147400	32.891644	30.971279	31.442011	32.753017
28.602274	27.198162	27.365856	27.048662	25.377943	22.990870	22.067850	21.440617	19.179678	17.423262	17.065756	15.835721	13.095420	12.574181	12.817567	10.245487	8.254698	9.627565	8.471717	5.047773	4.401137	2.833724	0.000000	3.052868	4.535415	4.670117	5.969087	8.101852	9.354143	10.448923	12.002500	13.691603	14.948913	16.224981	17.840685	18.411680	20.077103	20.547747	17.971645	18.678329	21.265228	20.331995	19.343733	20.499268	17.851049	17.658424	19.913059	19.737526	17.875681	18.261435	15.326447	13.147243	13.911865	13.577187	10.678014	10.024967	12.251938	11.603446	11.648603	11.920150	9.218458	8.305419	10.287857	9.682975	7.727225	9.896463	11.988744	11.117554	10.793980	13.625345	15.126468	14.427059	15.684707	18.357559	19.050200	19.043634	20.974985	23.295923	24.318514	25.562864	25.705059	24.453222	26.009422	24.782856	22.274200	23.759840	25.557386	23.835480	22.599558	25.053942	25.727222	23.565441	23.913593	27.040894	27.774988	25.089640	23.264996	23.934284	22.716074	22.970852	22.590261	21.129128	18.377434	18.259520	18.252123	16.006874	13.898921	14.865061	13.799275	11.033134	11.131039	12.780455	11.378929	9.034380	11.095945	12.357995	10.781930	10.314069	13.696717	16.673332	17.881834	16.780048	17.659277	20.262527	22.205856	21.718426	18.828968	19.314245	21.349239	20.091791	18.184885	20.502684	21.785316	19.968727	19.989998	22.878157	22.955173	21.780954	23.836317	26.432747	26.115322	25.668074	28.356657	30.333809	29.824318	30.771578	33.457287	34.406250	33.557117	33.088520	30.949799	31.117037	32.191147
26.072399	24.864029	25.296047	25.222809	23.598305	21.022369	20.278809	19.954449	17.569860	15.661736	15.786070	14.913418	11.967038	11.587493	12.525573	10.167103	7.946069	10.004499	9.751410	6.260992	4.805206	4.555218	3.052868	0.000000	2.961418	4.191658	4.466542	5.837808	7.742093	9.224966	10.206861	11.743083	13.509626	14.820593	15.964022	16.476347	18.307650	18.509727	15.948041	17.075129	19.601274	18.560982	17.998335	19.548403	17.209881	16.936941	19.257465	19.518454	17.674274	18.253767	15.616018	13.839437	15.007333	14.364541	11.439406	11.526490	13.721152	12.679116	12.511195	12.048652	9.229300	8.626704	10.013991	8.553362	6.402344	8.855507	10.394710	8.946508	8.901123	11.879815	12.927877	12.123531	13.762630	16.334013	16.743656	16.942844	19.113083	21.172150	22.018856	23.088093	23.374132	22.018175	23.601059	22.566126	19.909294	21.180414	23.057755	21.468349	20.032473	22.412943	23.269079	21.175694	21.347130	24.499184	25.472534	22.919207	20.966164	21.434784	20.000500	20.110195	19.637718	18.271288	15.481925	15.247622	15.332971	13.193179	10.957189	11.983739	11.204462	8.511756	8.587199	10.685504	9.715966	7.593418	9.881294	11.560276	10.623087	10.443179	13.438750	16.474222	17.628386	16.124826	16.574980	18.921150	20.536308	20.023235	16.994411	17.177893	19.035494	17.754999	15.648961	17.801123	19.072493	17.191566	17.042299	19.913061	20.036467	18.806648	20.807930	23.436935	23.187283	22.718493	25.367302	27.395254	26.968315	27.885658	30.554050	31.578949	30.792856	30.284155	28.072941	28.189892	29.267561
27.430277	26.512072	27.218742	27.333862	25.839697	23.126823	22.426323	22.357325	19.991247	17.912006	18.185984	17.583515	14.615745	14.033531	15.099006	12.935995	10.469480	12.193440	11.955750	8.249243	5.961543	4.851804	4.535415	2.961418	0.000000	2.679552	4.207136	4.780168	5.748913	7.845381	9.230927	10.174970	11.681610	13.497408	14.760082	14.738385	16.219126	16.360317	13.631215	14.466859	16.969975	15.902831	15.142986	16.606928	14.249561	14.038875	16.435936	16.763054	15.103974	16.039017	13.692699	12.259691	13.276673	12.180724	9.295698	9.853425	11.761804	10.398557	10.246951	9.420191	6.579513	6.550573	7.968062	6.287290	4.961855	7.886064	9.248783	8.381528	9.192389	11.989162	12.994615	12.833160	14.770917	17.062531	17.650496	18.298361	20.468023	22.343903	23.266714	23.933867	24.053690	22.295517	23.547823	22.378113	19.557863	20.635406	22.221388	20.342075	18.878824	21.178055	21.738905	19.439651	19.643066	22.733675	23.461884	20.690096	18.777912	19.448908	18.370901	18.849138	18.756599	17.302311	14.484475	14.765500	15.014993	12.691336	10.742905	12.444277	11.754573	9.248784	10.045397	12.382649	11.393419	9.788259	12.384263	13.895682	12.921299	13.183702	16.195370	19.185671	20.482431	18.967867	19.184891	21.390184	22.852789	22.408926	19.310619	19.174202	20.883007	19.612495	17.275995	19.099998	20.330519	18.268553	17.698870	20.448473	20.507803	18.889679	20.744637	23.392735	22.904148	22.111082	24.781645	26.792723	26.075659	26.844366	29.585470	30.517862	29.456577	28.883560	26.815668	27.065477	28.215954
29.263630	28.299999	28.969984	29.068539	27.379005	24.729940	24.188013	23.934284	21.424049	19.595407	19.920090	18.999474	16.041819	15.777832	16.635504	14.150617	12.021232	13.781872	13.037637	9.438750	7.705842	5.735853	4.670117	4.191658	2.679552	0.000000	2.989982	4.652956	4.885693	6.155485	8.111103	9.429210	10.406729	11.989996	13.743362	14.016419	15.515154	16.149303	13.682471	14.246755	16.919811	16.341970	15.408115	16.755001	14.270599	13.519245	15.620501	15.639054	13.633414	14.102838	11.461677	9.803061	11.018622	10.317463	7.453188	8.016857	10.370152	9.681425	10.387492	9.896464	7.078841	7.640027	9.623410	8.254090	7.449833	10.367738	11.789825	11.016805	11.844830	14.664924	15.621780	15.339817	17.291039	19.636955	20.077351	20.618679	22.865257	24.732771	25.511957	26.251286	26.519051	24.788103	26.066454	24.968378	22.088232	23.009563	24.559521	22.649944	21.041149	23.195042	23.716238	21.303991	21.290607	24.313370	25.035574	22.066717	19.992249	20.522669	19.516401	19.884415	19.768913	17.984715	15.414927	15.909116	15.715915	13.156366	11.595257	13.213629	11.918472	9.370165	10.649412	12.500799	10.978615	9.630680	12.451906	13.413798	12.073938	12.866623	16.026541	18.885178	20.550669	19.379887	19.417517	21.682249	23.383112	23.245214	20.190592	19.946177	21.939461	20.937286	18.565020	20.349201	21.852459	20.007498	19.291706	22.044500	22.391739	20.789419	22.437468	25.209126	24.898594	23.962469	26.504904	28.659903	27.971056	28.541897	31.297604	32.336666	31.139204	30.333809	28.187584	28.215952	29.133829
