0.000000	3.588127	7.042347	10.141052	12.874823	13.810700	13.158060	14.338472	15.432757	17.439928	20.593149	23.717636	25.558681	23.750053	21.332977	19.176195	16.517582	14.650159	12.975300	15.450294	17.358309	17.084641	17.723747	19.481752	18.722389	16.677189	15.689071	14.386041	13.929553	13.718254	15.080674	15.965587	17.858187	18.499371	19.841097	18.682106	18.745890	17.406353	16.587133	16.470669	17.770725	20.668320	21.140717	20.815147	20.571802	18.428019	16.738890	15.568344	15.250523	12.369491	11.351299	9.407915	9.974485	9.525192	10.918213	11.137908	10.295661	10.051095	10.903564	11.590940	13.694101	14.830352	17.992945	20.827471	23.713745	23.224955	20.519455	17.582994	14.339534	11.287313	8.800999	6.629069	6.236434	7.355416	5.050762	5.349504	7.581174	10.922729	14.001315	17.027439	19.899097	21.870928	24.118259	26.061913	29.007109	28.871611	26.055382	23.928019	20.556881	17.751955	14.567264	12.248915	10.542678	9.531828	10.421474	12.561083	14.385653	15.641132	18.669615	21.147047	21.481600	19.398973	18.072983	16.927231	16.780092	18.574280	19.697056	22.275476	21.528513	20.613094	24.088320	27.379848	28.051321	29.677752	27.985752	27.252945	27.164730	29.433140	31.471031	34.173088	33.914658	33.355331	36.029587	37.977520	36.959320	36.464706	36.910183	37.754341	35.342083	34.352837	31.624981	32.309624	31.884340	28.917233	28.016144	29.182922	27.663363	24.817453	25.631775	27.493959	26.315487	26.268457	23.092939	22.823996	21.610104	21.737900	20.507301	20.668682	20.115316	20.654181	17.521000	16.141432	15.726135	15.647953	14.833069	14.099006	13.589643	11.547790	10.202335	7.519814	6.239480	7.415876	9.042153	11.743670	13.762194	16.575085	15.978524	15.759573	13.324609	11.048589	11.863650	11.794080	12.626127	12.519122	15.218977	15.415985	12.768708	10.935925	8.405503	6.487501	5.266777
3.588127	0.000000	3.515591	6.631917	9.502236	10.472277	10.237309	11.962579	13.622145	16.071354	19.334169	22.462206	24.007555	21.891094	19.388994	16.896132	14.005562	11.946585	10.445822	12.836611	15.095487	15.356601	15.835478	17.348507	16.770985	15.059352	14.440915	13.527218	13.762720	13.708688	15.301882	15.983136	17.799335	18.394037	19.493225	18.283693	18.184687	16.994392	16.392014	16.711805	18.103369	20.686687	20.889179	20.835743	20.723108	18.756783	17.268963	15.928395	15.829419	12.611215	11.088613	8.880439	9.213285	8.949211	9.530738	9.757468	8.810273	8.515465	8.863630	9.467347	11.588715	12.885082	16.182104	19.055647	21.897284	21.098827	18.135752	15.281048	11.804440	8.688419	5.871014	4.679059	6.051867	8.388850	7.236351	6.849121	8.811466	11.709933	14.656600	17.818022	20.719807	23.073360	25.536907	27.800386	30.650377	30.270182	27.454765	25.198442	21.955690	19.304873	16.262644	14.125835	12.058643	10.606770	10.726821	13.275851	15.072961	15.650157	18.338793	20.655737	21.250626	19.263708	18.012291	16.642647	16.394382	17.870169	18.743692	21.065701	20.212740	18.844433	22.227917	25.301273	27.168011	29.132040	27.797714	27.404068	27.519808	30.071095	32.134544	34.828571	34.816113	34.445759	37.050411	39.048553	38.284660	37.878513	38.327633	39.429363	37.117691	36.173737	33.301243	33.698177	33.185066	30.304998	29.207085	30.064461	28.499441	25.603521	26.106834	27.741667	26.331236	25.870071	22.656258	22.380901	21.036385	21.078255	19.636608	19.676689	19.033258	19.257254	16.053394	14.678125	13.836189	13.465495	12.234828	11.801931	11.131970	8.914267	7.475671	5.276742	4.620445	7.203081	9.770817	12.835995	15.186728	18.131266	18.001595	18.077381	15.383533	12.732229	12.595364	11.510929	11.379363	10.543139	13.193853	14.077147	11.973172	11.022302	9.188624	8.274630	7.630887
7.042347	3.515591	0.000000	3.116350	6.047288	7.242708	7.586350	9.914971	12.064822	14.885774	18.110010	21.161779	22.429338	20.068224	17.456282	14.601092	11.470031	9.194064	7.915947	10.096268	12.652032	13.471935	13.787653	15.032550	14.739405	13.499947	13.415484	13.085575	13.921185	13.867124	15.498484	15.883438	17.522964	18.051449	18.901371	17.741245	17.563807	16.680222	16.436377	17.277058	18.823999	20.983004	20.811852	20.911007	20.823971	19.008142	17.691755	16.185141	16.260666	12.912920	11.057326	8.943172	9.183780	9.417105	9.260057	9.787994	9.157129	9.061164	8.893544	9.321708	11.184535	12.465074	15.698726	18.441460	21.125898	19.901066	16.709984	14.048154	10.451818	7.677951	4.987278	5.813657	8.347570	11.123255	10.518999	9.781872	11.248141	13.623169	16.291271	19.515142	22.421616	25.073503	27.709520	30.171404	32.928101	32.303680	29.469780	27.088139	23.979183	21.447197	18.652813	16.779243	14.677713	13.130664	12.787957	15.507888	17.156939	17.160431	19.426849	21.493679	22.235418	20.323036	19.059813	17.414375	16.920692	17.899309	18.353136	20.284914	19.217911	17.437635	20.650389	23.409184	27.058187	29.331083	28.333675	28.296345	28.666437	31.417421	33.417641	36.113113	36.351528	36.091328	38.584789	40.660698	40.130436	39.732491	40.114643	41.427238	39.175957	38.209404	35.254578	35.418568	34.757423	31.966667	30.777996	31.330835	29.669102	26.802629	27.090940	28.420990	26.757437	25.886209	22.700565	22.561007	21.254827	21.351822	19.854937	19.890118	19.276398	19.241220	16.131413	14.896608	13.633912	12.902304	11.104358	11.019019	9.967896	7.428582	5.701507	4.467185	4.590173	7.784337	10.820176	13.961875	16.539112	19.523972	19.892170	20.304741	17.517651	14.627454	13.751986	11.900694	10.842826	9.445667	11.953465	13.584290	12.198717	12.124055	10.891724	10.634642	10.242820
10.141052	6.631917	3.116350	0.000000	3.107307	4.731273	6.028430	8.905337	11.440341	14.486897	17.556158	20.455883	21.423405	18.860535	16.199411	13.035923	9.752975	7.332456	6.507048	8.193138	10.997659	12.425001	12.545391	13.437347	13.474553	12.799011	13.254446	13.483271	14.789395	14.739705	16.332012	16.451593	17.878292	18.330360	18.929050	17.847265	17.601906	17.022566	17.096186	18.338387	19.965572	21.724442	21.238424	21.469835	21.408976	19.767643	18.632671	17.040190	17.257681	13.951176	11.944743	10.095518	10.236059	10.823314	10.100515	10.817245	10.485715	10.540458	9.999235	10.238873	11.714835	12.892865	15.905764	18.434380	20.904076	19.305262	15.982160	13.623881	10.146577	8.045655	6.072241	8.054183	10.931240	13.838309	13.523278	12.628275	13.798604	15.781150	18.184963	21.386036	24.250378	27.097589	29.842037	32.440090	35.110703	34.299721	31.470385	29.011276	26.034054	23.618479	21.032644	19.357351	17.261053	15.682313	15.061657	17.825495	19.343037	18.936857	20.831070	22.656706	23.504189	21.687897	20.444141	18.625416	17.952324	18.487432	18.561760	20.085253	18.846874	16.716410	19.674011	22.065407	27.331276	29.845087	29.148457	29.409275	29.983198	32.871632	34.805584	37.483112	37.925400	37.757179	40.146881	42.275677	41.938301	41.549850	41.877090	43.355396	41.162098	40.182602	37.175613	37.151848	36.376347	33.676338	32.422836	32.725452	31.001062	28.188166	28.297085	29.359926	27.504608	26.293058	23.186398	23.164322	21.915533	22.055136	20.544123	20.572685	19.998459	19.741833	16.810644	15.742359	14.184122	13.175191	10.967817	11.225927	9.906050	7.369363	5.700866	5.808252	6.452103	9.444878	12.536733	15.578279	18.236933	21.183006	21.912811	22.560114	19.746765	16.755615	15.392269	13.055556	11.299901	9.506579	11.651882	13.891494	13.198436	13.791170	13.023936	13.167959	12.926725
12.874823	9.502236	6.047288	3.107307	0.000000	3.321721	5.208948	8.076577	10.582384	13.665718	16.426577	19.118587	19.893257	17.270456	14.511321	11.074675	7.687527	5.186070	4.980444	5.991383	8.756602	10.727648	10.812823	11.478627	12.058641	12.056529	13.188351	14.080144	15.570712	15.257361	16.572006	16.278931	17.368895	17.667425	17.992420	17.052084	16.828251	16.682102	17.188080	18.893286	20.701300	22.018389	21.127422	21.326895	21.168678	19.645472	18.652399	16.985224	17.350361	14.239578	12.300540	11.011279	11.380708	12.550778	11.766139	12.920860	13.049910	13.327970	12.712565	12.772813	13.840576	14.701807	17.376926	19.558029	21.754307	19.757875	16.459227	14.425862	11.281736	10.013234	8.773179	11.115936	14.033591	16.931776	16.516548	15.453792	16.278345	17.997726	20.169241	23.401308	26.287510	29.283998	32.135166	34.761440	37.377880	36.369537	33.483635	30.915977	28.021940	25.634300	23.307669	21.873621	19.973339	18.560345	17.971956	20.781660	22.133005	21.527704	23.165733	24.772804	25.536657	23.691534	22.293402	20.216475	19.206196	19.217142	18.791582	19.856371	18.313540	16.012901	18.687410	20.678411	28.065088	30.736547	30.228390	30.756603	31.580307	34.513924	36.289459	38.991726	39.630383	39.438866	41.694767	43.926991	43.743343	43.254570	43.437908	45.029263	42.832836	41.752228	38.749268	38.604431	37.636280	35.007492	33.807682	33.881908	32.016533	29.318747	29.390205	30.131889	28.062265	26.564491	23.571827	23.842144	22.857557	23.240524	21.925665	22.140238	21.772085	21.515211	18.853458	18.046803	16.435238	15.321652	12.919387	13.328012	11.729071	9.146209	7.391529	7.790749	8.201010	10.610319	13.541203	16.356848	19.050814	21.911091	23.068783	24.025314	21.276735	18.210091	16.475414	13.898263	11.735807	10.080831	11.930561	14.522676	14.381345	15.384816	14.829299	15.174213	14.980351
13.810700	10.472277	7.242708	4.731273	3.321721	0.000000	2.932600	5.971112	8.971521	12.043192	14.859559	17.470970	17.898024	15.075644	12.657243	9.549393	6.804036	5.430220	6.752331	8.261216	10.201008	12.372925	13.137566	14.006233	15.013604	15.193162	16.426016	17.283234	18.606541	18.067652	19.105637	18.446924	19.171206	18.893410	18.645039	17.139769	16.305889	15.688215	15.866796	17.418602	18.934704	20.053493	19.281446	19.944853	20.240078	19.236853	18.803053	17.671343	18.652317	15.842564	14.459745	13.510448	14.240425	15.331244	14.620281	15.380040	14.867127	14.527584	13.123729	12.242695	12.515143	12.746843	15.019204	16.864239	18.882885	16.707191	13.493833	11.587831	8.771607	8.412699	8.384639	11.456370	14.531693	17.277273	16.908443	15.321038	15.594610	16.723219	18.515224	21.617970	24.404919	27.559481	30.507048	33.248287	35.735100	34.510593	31.658813	29.049366	26.352673	24.176620	22.134773	21.012354	19.247049	18.048698	17.471720	20.378014	21.251888	20.296143	21.549940	22.864864	23.461407	21.606762	20.133137	17.930813	16.835697	16.606386	16.111347	17.036587	15.693253	13.179216	15.755310	17.777550	25.035948	27.796778	27.461899	28.181082	29.155394	32.160110	33.866386	36.529064	37.331059	37.226658	39.382313	41.634647	41.630318	41.178169	41.351303	43.108658	41.027679	40.023136	36.953396	36.593716	35.618763	33.117615	31.774952	31.649063	29.848528	27.179043	27.016079	27.628838	25.525867	23.862185	20.946932	21.127388	20.115337	20.517384	19.297962	19.663816	19.549791	19.477966	17.214851	16.972961	15.835695	15.213799	13.372618	14.508068	13.581546	11.541271	10.125817	10.289452	10.012352	12.008592	14.508267	17.070591	19.354132	21.994516	22.970982	23.781801	20.878500	17.913662	15.705894	12.662980	9.975727	7.757646	9.056412	11.913916	12.323348	13.916550	14.082721	15.131505	15.581089
13.158060	10.237309	7.586350	6.028430	5.208948	2.932600	0.000000	3.156388	6.185995	9.256916	12.233865	14.982839	15.628859	12.950448	10.511144	7.719616	5.315638	4.724746	6.474941	8.759288	9.913287	11.722040	13.207543	14.615479	15.858659	15.939704	17.234324	18.108814	18.999681	17.989260	18.598791	17.561699	17.975439	17.254457	16.699905	14.833073	13.727226	12.855942	12.946419	14.544694	16.138832	17.192556	16.379078	17.026354	17.397669	16.538399	16.345877	15.549434	16.944080	14.452110	13.660357	13.240095	14.581504	15.991977	15.823578	16.784922	16.236513	15.782757	14.382969	13.162429	13.197684	12.903258	15.002670	16.627094	18.622196	16.435408	13.474991	11.361779	8.706902	8.616389	8.957952	11.859746	14.733017	17.215607	16.366865	14.422968	14.151646	15.063970	16.696009	19.891279	22.785824	25.973888	28.987806	31.611588	34.101749	32.755608	29.794256	27.088604	24.377565	22.137156	20.344646	19.503216	18.150213	17.402145	17.275837	20.253448	20.821854	20.007313	21.299454	22.563036	22.752556	20.629185	18.767464	16.281227	14.801333	14.345053	13.656447	14.651889	13.159870	10.896702	13.764546	16.135950	23.583059	26.219904	25.681463	26.390162	27.502010	30.396587	31.937025	34.684948	35.526455	35.251724	37.339790	39.695637	39.682331	39.057735	39.084526	40.823128	38.678230	37.560246	34.534134	34.197464	33.092636	30.583553	29.361429	29.203886	27.282053	24.676359	24.666740	25.182991	23.015968	21.411938	18.467024	18.900873	18.210947	19.004850	18.185232	18.985415	19.268454	19.695505	17.635662	17.729263	17.099918	16.870939	15.374486	16.479864	15.648117	13.370410	11.600917	10.856295	9.556972	10.766411	12.749498	15.010326	17.014061	19.498920	20.484650	21.350006	18.465775	15.541863	13.088286	9.943707	7.167417	5.411466	7.093441	9.691345	10.058249	11.678299	11.943947	13.257293	14.013249
14.338472	11.962579	9.914971	8.905337	8.076577	5.971112	3.156388	0.000000	3.200034	6.168099	9.174939	11.957109	12.710978	10.186101	7.810616	5.662112	4.529273	5.527873	7.707298	10.145501	10.263214	11.749965	13.938823	15.716672	17.319036	17.512346	18.994368	20.015785	20.557613	19.073177	19.159777	17.615036	17.525572	16.193895	15.081155	12.770822	11.198392	10.103491	10.229478	12.072265	13.765153	14.442508	13.390459	14.094209	14.613100	14.130139	14.430578	14.141890	16.118502	14.201557	14.146046	14.418301	16.292034	18.032917	18.266729	19.422771	18.908644	18.391748	16.963366	15.446445	15.145277	14.293258	15.966218	17.139561	18.905661	16.607986	14.070961	12.063191	10.008902	10.486156	11.274383	13.982309	16.611425	18.795191	17.538910	15.269782	14.332908	14.812645	16.057259	19.233139	22.160425	25.396145	28.482183	30.976673	33.405514	31.845005	28.787170	25.969263	23.349401	21.126448	19.784590	19.384422	18.565411	18.337484	18.625135	21.604559	21.791580	21.029320	22.199078	23.277596	23.023653	20.679668	18.412716	15.598326	13.584810	12.568846	11.362391	12.132633	10.321310	8.340654	11.349854	13.920688	22.420967	24.957800	24.311237	25.137690	26.503210	29.269459	30.542517	33.358852	34.335037	33.886456	35.819042	38.310974	38.373405	37.538128	37.351337	39.128227	36.943863	35.682545	32.716316	32.326382	31.007410	28.558987	27.483192	27.164845	25.073822	22.626818	22.740026	22.974234	20.653294	18.976027	16.110561	16.977362	16.809074	18.132366	17.865923	19.172783	19.936934	20.831205	19.141642	19.641924	19.452137	19.530436	18.291058	19.441128	18.663473	16.267599	14.301368	13.020700	10.974687	11.187253	12.368229	14.039485	15.585618	17.744806	18.865686	19.876795	17.089708	14.301581	11.423001	8.146070	5.164639	4.621386	6.106627	8.228404	8.913167	10.712407	11.268707	12.948168	14.066370
15.432757	13.622145	12.064822	11.440341	10.582384	8.971521	6.185995	3.200034	0.000000	3.111617	6.196080	9.160857	10.432897	8.428763	5.917205	4.747477	4.999897	6.795310	8.759306	11.173135	10.347221	11.258579	14.030277	16.164631	18.004181	18.246960	19.873295	21.047590	21.215586	19.259539	18.797655	16.772844	16.180639	14.297737	12.700584	10.050840	8.146777	7.093534	7.675323	10.077065	12.142753	12.410429	10.880652	11.230087	11.580622	11.265628	11.927627	12.051041	14.509579	13.252130	13.920794	14.913833	17.259825	19.369892	20.032246	21.499420	21.216469	20.831818	19.627041	18.158098	17.873575	16.829268	18.328022	19.259279	20.883354	18.600637	16.417110	14.471226	12.711327	13.198992	13.892911	16.233175	18.582655	20.527761	18.834396	16.483677	15.140351	15.477172	16.493156	19.661098	22.639456	25.802437	28.890892	31.155958	33.572575	31.894274	28.725925	25.825922	23.223532	20.920002	19.955269	19.885925	19.588678	19.798796	20.493490	23.427118	23.447721	22.906096	24.134197	25.167406	24.554579	22.013121	19.402113	16.381243	13.913978	12.468094	10.737303	11.261137	8.922110	7.759241	10.731719	13.362335	22.968632	25.300962	24.438616	25.273973	26.823620	29.373373	30.363722	33.261021	34.293259	33.592148	35.386250	38.014175	38.062542	36.958164	36.519421	38.236088	35.943867	34.464096	31.628208	31.307035	29.732548	27.296196	26.505329	26.117085	23.789593	21.556736	21.980108	21.942307	19.485601	17.865847	15.128572	16.581919	17.051514	18.906336	19.161783	20.863605	21.951427	23.187817	21.653591	22.281801	22.295351	22.470139	21.260965	22.237404	21.315434	18.666458	16.440075	14.659977	12.048685	11.267507	11.604687	12.582426	13.727755	15.561258	17.004492	18.313801	15.781402	13.140568	10.066006	7.156590	4.862504	6.317087	7.706091	8.856769	9.398457	10.845402	11.226171	12.859559	14.035798
17.439928	16.071354	14.885774	14.486897	13.665718	12.043192	9.256916	6.168099	3.111617	0.000000	3.375847	6.450483	8.144745	6.870320	4.980924	5.803104	7.421093	9.566547	11.417662	13.686160	12.276903	12.777754	15.879427	18.173679	20.182661	20.482525	22.177921	23.413492	23.316124	21.056295	20.171179	17.785761	16.718050	14.261313	12.053733	8.950565	6.332311	4.900746	5.731342	8.510916	10.652588	10.241454	8.215367	8.496156	9.036648	9.425423	10.873543	11.744663	14.724270	14.217152	15.520922	16.983082	19.589943	21.846275	22.752277	24.306854	24.032911	23.603376	22.385620	20.759470	20.284611	18.933981	20.102468	20.676571	22.067148	19.804007	18.048033	16.271231	14.963414	15.709793	16.606922	18.792633	20.931816	22.620644	20.681585	18.192471	16.404131	16.355062	16.945391	19.924932	22.821487	25.920540	28.999323	31.075451	33.394444	31.534199	28.321852	25.372911	22.933327	20.716471	20.259747	20.616589	20.814301	21.439711	22.426678	25.286346	25.015234	24.540281	25.653721	26.522764	25.549721	22.889280	20.013241	16.855061	14.028711	12.089512	9.842685	9.959973	7.248523	7.123894	9.764246	12.404152	22.693436	24.825233	23.844103	24.762691	26.531542	28.873514	29.552811	32.479439	33.627415	32.735657	34.338184	37.083004	37.197750	35.867439	35.189991	36.915485	34.592216	32.953232	30.233971	29.876410	28.063562	25.729666	25.156397	24.600100	22.095905	20.133232	20.739248	20.352238	17.771025	16.148066	13.662522	15.658589	16.754381	19.080057	19.858946	21.931326	23.370720	24.936378	23.695858	24.583660	24.883989	25.251036	24.206757	25.212793	24.338675	21.651606	19.358662	17.342878	14.444818	13.052546	12.611426	12.804007	13.256996	14.514884	16.093262	17.550493	15.300138	13.037116	9.793293	7.415346	6.002363	8.333346	9.204077	9.505496	10.183701	11.494024	12.062810	13.836589	15.230627
20.593149	19.334169	18.110010	17.556158	16.426577	14.859559	12.233865	9.174939	6.196080	3.375847	0.000000	3.135980	5.417149	5.332942	4.322410	6.773821	9.374300	11.871950	13.807673	15.657620	13.628933	13.953145	17.216396	19.482872	21.784395	22.360941	24.292509	25.769011	25.580040	23.084005	21.833216	19.082653	17.508249	14.613463	11.772810	8.694513	5.810762	5.331317	6.897443	9.822624	11.867885	10.514533	7.751765	7.738955	8.144994	9.297949	11.344104	12.595119	15.796495	15.940230	17.575863	19.442232	22.172905	24.648144	25.635855	27.370029	27.260044	26.918194	25.723892	24.079519	23.502048	22.018894	22.938597	23.201067	24.305431	21.913713	20.455343	18.967562	17.988607	18.969978	19.946547	22.159962	24.283527	25.931917	23.899021	21.407734	19.478725	19.245737	19.551386	22.329546	25.098425	28.144577	31.199728	33.132648	35.333195	33.296513	30.090031	27.129086	24.899424	22.813868	22.753267	23.379435	23.840439	24.637823	25.710917	28.543127	28.146555	27.647268	28.622995	29.331087	28.176407	25.504438	22.520054	19.310007	16.305399	13.928270	11.207159	10.507937	7.498171	8.126908	9.730833	11.700399	23.966322	25.998318	25.088467	26.200018	28.205746	30.380363	30.739555	33.642048	34.961727	33.936031	35.294258	38.141567	38.385685	36.850662	35.917580	37.680981	35.362919	33.561760	30.999573	30.560392	28.477282	26.331760	25.991398	25.180424	22.523094	20.944191	21.644337	20.769993	18.045353	16.268110	14.288913	16.786869	18.418562	21.054016	22.188477	24.465282	26.118151	27.792809	26.768627	27.801315	28.143511	28.508169	27.416183	28.433094	27.454573	24.686525	22.321861	20.310862	17.396633	15.713496	14.913800	14.549046	14.602087	15.309871	17.243008	18.956430	17.101545	15.173933	12.045576	10.244333	9.247746	11.566876	12.018688	12.129447	13.082760	14.367199	14.976061	16.667877	18.000568
23.717636	22.462206	21.161779	20.455883	19.118587	17.470970	14.982839	11.957109	9.160857	6.450483	3.135980	0.000000	3.145431	4.863557	5.397062	8.646384	11.744796	14.429397	16.492718	18.037554	15.703667	16.029329	19.284945	21.430559	23.938576	24.746574	26.844156	28.481531	28.289505	25.693296	24.254061	21.309605	19.428936	16.316280	13.118880	10.306847	7.608397	7.663355	9.196933	11.854028	13.581564	11.521251	8.497636	8.554304	9.045033	10.855700	13.254796	14.730610	17.979671	18.498297	20.262537	22.300041	25.052401	27.620111	28.591091	30.383442	30.314198	29.970821	28.698523	26.956406	26.212959	24.572809	25.217903	25.165380	25.976240	23.482094	22.325665	21.137035	20.505512	21.762842	22.908442	25.222998	27.376436	29.004595	26.973011	24.434744	22.381872	21.928837	21.962223	24.523712	27.132463	30.151667	33.185501	35.040024	37.097214	34.884197	31.728861	28.782936	26.798145	24.902033	25.173399	26.024338	26.645725	27.551975	28.639523	31.453554	30.907980	30.312061	31.097155	31.617235	30.323662	27.685577	24.659948	21.438866	18.351702	15.641522	12.634925	11.239684	8.307152	9.371085	9.891466	11.045115	24.843153	26.803047	26.040602	27.365753	29.580896	31.632301	31.717522	34.555061	36.058468	34.975479	36.093529	39.004742	39.415424	37.750710	36.622189	38.464649	36.213593	34.330891	31.894293	31.312969	29.035088	27.122675	26.913820	25.828835	23.119017	21.892927	22.552958	21.236713	18.431396	16.474354	15.037366	17.831213	19.834303	22.656536	24.061722	26.483648	28.319742	30.071503	29.291302	30.500286	30.911757	31.314125	30.239534	31.347281	30.359623	27.605854	25.248299	23.323170	20.456821	18.711561	17.777136	17.132868	16.907961	17.197578	19.244856	21.033449	19.438185	17.784075	14.718706	13.136097	12.202711	14.373842	14.426419	14.444308	15.701681	17.098408	17.882553	19.627384	20.992771
25.558681	24.007555	22.429338	21.423405	19.893257	17.898024	15.628859	12.710978	10.432897	8.144745	5.417149	3.145431	0.000000	3.153677	5.425142	9.069575	12.560203	15.437830	17.869169	19.234200	17.039623	17.822701	20.901140	22.784662	25.418211	26.433893	28.636917	30.340044	30.395815	27.971218	26.728922	23.866852	22.081413	19.100204	15.944870	13.269839	10.628706	10.441633	11.520323	13.843636	15.125711	12.829957	10.114246	10.972352	11.950377	13.931543	16.324936	17.688002	20.860542	21.119076	22.606857	24.410862	26.989634	29.444508	30.142984	31.774065	31.541012	31.055111	29.501450	27.537621	26.497417	24.680067	24.981102	24.591749	25.077337	22.415249	21.511978	20.724562	20.534203	22.233389	23.727633	26.349928	28.681797	30.399172	28.616512	25.975451	23.900534	23.192057	23.014044	25.393480	27.827879	30.953787	34.022968	36.029781	37.944489	35.577950	32.534824	29.614208	27.862633	26.215309	26.590010	27.511150	27.995544	28.800667	29.679724	32.510826	31.824392	30.932280	31.398323	31.675556	30.414690	27.926655	25.026245	21.837469	18.823172	15.847129	12.669766	10.619009	7.910960	8.647942	8.100063	8.393863	23.904913	26.018213	25.631113	27.256447	29.618813	31.769949	31.803066	34.528927	36.233162	35.330433	36.321098	39.206646	39.851040	38.302151	37.209621	39.254494	37.181389	35.438499	32.936256	32.082695	29.841753	28.133677	27.715372	26.358019	23.794191	22.642323	22.914700	21.359125	18.496681	16.139774	15.014268	17.693375	19.660931	22.404676	23.834410	26.241447	28.159060	29.839403	29.346642	30.773399	31.228905	31.688028	30.703722	32.073837	31.232580	28.688538	26.500036	24.905313	22.277390	20.914953	20.305393	19.933088	19.816444	20.177467	22.033943	23.638971	21.882099	20.211643	16.971943	14.971459	13.525523	15.101439	14.561062	14.809222	16.630857	18.493330	19.706247	21.732405	23.253611
23.750053	21.891094	20.068224	18.860535	17.270456	15.075644	12.950448	10.186101	8.428763	6.870320	5.332942	4.863557	3.153677	0.000000	3.234556	6.723125	10.230293	13.130088	15.786987	17.172312	15.354560	16.554712	19.444777	21.180824	23.742481	24.756506	26.919397	28.562698	28.856260	26.685934	25.785254	23.172926	21.731550	19.080814	16.258554	13.576663	10.978966	10.514944	11.360233	13.665356	14.940245	13.163797	10.817283	12.012023	13.092226	14.611039	16.635015	17.620251	20.607540	20.321516	21.402540	22.848251	25.215977	27.502262	27.957710	29.428064	29.078882	28.527889	26.849537	24.855520	23.774492	22.027380	22.378342	22.088993	22.649412	19.875546	18.751886	17.989351	17.759615	19.555868	21.136026	23.947380	26.435104	28.299171	26.754721	24.130751	22.251295	21.628155	21.619085	24.111097	26.596554	29.849903	32.975883	35.201477	37.178665	34.902302	31.883949	28.962997	27.104244	25.428568	25.482924	26.170563	26.315447	26.857487	27.498562	30.374756	29.793396	28.749191	29.174217	29.479420	28.458118	26.067642	23.342089	20.189058	17.345484	14.512448	11.477860	9.609110	6.874077	6.490865	6.313403	6.963672	22.621113	25.001469	24.772926	26.406258	28.644651	31.040785	31.362106	34.081131	35.731834	35.038185	36.211784	39.007973	39.638695	38.323284	37.474701	39.576828	37.548965	35.983807	33.299213	32.413288	30.402580	28.577028	27.872023	26.618761	24.204779	22.717154	22.745398	21.502468	18.669378	16.189312	14.659278	16.905489	18.379005	20.814482	21.896107	24.087286	25.824511	27.294657	26.726381	28.099339	28.434998	28.835085	27.835245	29.310061	28.546444	26.151093	24.101561	22.768766	20.385715	19.464901	19.321350	19.450565	19.742002	20.554070	22.249022	23.697248	21.598944	19.633553	16.274105	13.750134	11.728142	12.742363	12.054897	12.800438	14.851477	17.020067	18.359110	20.485773	22.011316
21.332977	19.388994	17.456282	16.199411	14.511321	12.657243	10.511144	7.810616	5.917205	4.980924	4.322410	5.397062	5.425142	3.234556	0.000000	3.676729	7.171388	10.074526	12.650296	14.017062	12.168708	13.366148	16.249626	18.044302	20.555399	21.529085	23.697405	25.377281	25.686224	23.534357	22.695118	20.152643	18.848421	16.419859	13.863914	11.365615	9.107566	9.082876	10.383390	13.088837	14.857960	13.695681	11.318551	11.921663	12.430299	13.188800	14.677761	15.195311	17.951914	17.429438	18.333172	19.771503	22.120655	24.492865	24.983423	26.608004	26.483677	26.147192	24.733908	23.067215	22.360075	20.973465	21.811518	22.007269	22.954216	20.217291	18.577684	17.435711	16.576197	17.904528	19.056871	21.760727	24.283197	26.292673	24.703888	22.265474	20.697447	20.544075	20.988932	23.800617	26.517576	29.766737	32.901043	35.147713	37.318642	35.265812	32.160290	29.218729	27.039330	25.071159	24.706989	25.060791	24.989326	25.326366	25.926456	28.860104	28.612715	27.744448	28.495386	29.098602	28.306835	25.866026	23.190035	20.044617	17.296944	14.888648	12.172374	11.064433	8.178960	7.273098	8.390114	9.608913	23.998419	26.436056	26.016605	27.396318	29.408199	31.888577	32.450829	35.255932	36.696308	35.982700	37.380527	40.140659	40.557438	39.285755	38.549660	40.501019	38.337440	36.743725	34.021458	33.368855	31.454105	29.382647	28.704952	27.756372	25.302292	23.560347	23.785107	22.927185	20.162069	17.938810	15.948626	18.005375	19.138605	21.374886	22.102400	24.073999	25.517025	26.792870	25.795221	26.809374	26.851175	27.011827	25.744556	26.972666	25.976095	23.399033	21.233887	19.856709	17.519405	16.629574	16.695236	17.062277	17.774469	18.959673	20.853838	22.446114	20.270199	17.998739	14.767828	12.189575	10.074088	11.162153	11.163974	12.308770	13.913599	15.840908	16.706446	18.509203	19.730286
19.176195	16.896132	14.601092	13.035923	11.074675	9.549393	7.719616	5.662112	4.747477	5.803104	6.773821	8.646384	9.069575	6.723125	3.676729	0.000000	3.606144	6.544146	9.263346	10.462994	8.922048	10.554051	13.135880	14.778777	17.201635	18.201849	20.386162	22.106224	22.646975	20.731195	20.218081	17.965786	17.064508	15.209135	13.283527	11.277103	9.739920	10.057350	11.464292	14.210791	16.218792	15.773901	13.685706	13.995200	14.088152	13.970207	14.651842	14.403467	16.629597	15.493207	15.820445	16.946667	19.052818	21.391724	21.694420	23.377176	23.440720	23.309692	22.094574	20.786385	20.441715	19.513315	20.812099	21.487217	22.755169	20.031462	17.854773	16.476425	15.014536	15.898809	16.616192	19.334650	22.002079	24.266287	22.850327	20.673002	19.616688	19.975779	20.918070	23.976851	26.838800	30.101307	33.227016	35.593769	37.921062	36.109016	32.997749	30.089300	27.652842	25.487619	24.593306	24.495165	23.989145	23.924929	24.281401	27.260550	27.411045	26.594587	27.580153	28.439196	28.029099	25.674324	23.233622	20.225061	17.791193	15.925102	13.714351	13.235872	10.602841	8.966981	10.738358	12.101331	25.327614	27.913416	27.486645	28.684713	30.435280	33.080147	33.959034	36.780502	38.037910	37.437912	39.068466	41.730843	41.995384	40.891743	40.364723	42.229099	40.015144	38.505238	35.695797	35.190746	33.473843	31.212976	30.422020	29.736389	27.371714	25.342543	25.562622	25.112272	22.466139	20.387083	18.036854	19.666695	20.246435	22.062431	22.263971	23.845150	24.874411	25.780878	24.366215	24.981033	24.611975	24.454304	22.874186	23.918619	22.708839	20.061558	17.895945	16.759039	14.775541	14.345544	15.045259	16.011047	17.391268	19.124790	21.062622	22.657040	20.301407	17.663822	14.664715	11.893599	9.463094	9.970465	10.572127	12.411207	13.660042	15.463233	15.909737	17.365786	18.210115
16.517582	14.005562	11.470031	9.752975	7.687527	6.804036	5.315638	4.529273	4.999897	7.421093	9.374300	11.744796	12.560203	10.230293	7.171388	3.606144	0.000000	2.938285	5.754338	7.124901	6.344846	8.290356	10.464787	12.072720	14.184008	14.982567	17.035055	18.667149	19.366756	17.706066	17.573437	15.735708	15.380996	14.201382	13.091584	11.552932	10.714126	11.085704	12.379493	14.960613	17.114786	17.364687	15.616496	15.668898	15.459189	14.585081	14.490694	13.563224	15.180166	13.375639	13.088813	13.803321	15.674501	17.940052	18.136911	19.873062	20.111221	20.190882	19.262312	18.382595	18.506275	18.092154	19.912104	21.123697	22.766020	20.228029	17.594624	15.873503	13.726987	13.924774	14.036520	16.596037	19.305597	21.751587	20.454918	18.585484	18.056009	18.956192	20.388481	23.639633	26.618229	29.812786	32.880875	35.295910	37.774284	36.233814	33.127033	30.282200	27.600460	25.245926	23.854300	23.318939	22.443626	22.031237	22.218895	25.194290	25.743755	25.082880	26.374012	27.531645	27.443779	25.155113	22.935007	20.122679	18.034256	16.790894	15.152762	15.331203	12.973242	11.111296	13.430903	15.124530	26.501867	29.111494	28.566982	29.503901	30.959927	33.688461	34.852943	37.690170	38.720432	38.185036	40.044239	42.603153	42.671787	41.707413	41.374199	43.106392	40.831837	39.396252	36.535980	36.218529	34.702854	32.256428	31.398901	31.014692	28.742088	26.466835	26.749989	26.720831	24.237707	22.404221	19.747116	21.000507	21.112301	22.549540	22.295464	23.512510	24.135706	24.745104	22.876837	23.041882	22.312086	21.868542	20.011745	20.779076	19.357708	16.580473	14.358482	13.327048	11.649774	11.706999	13.056418	14.634293	16.604721	18.822481	20.673496	22.195665	19.719168	16.817078	14.197909	11.464475	9.070208	9.105620	10.477194	12.658336	13.315349	14.778481	14.711495	15.729095	16.167421
14.650159	11.946585	9.194064	7.332456	5.186070	5.430220	4.724746	5.527873	6.795310	9.566547	11.871950	14.429397	15.437830	13.130088	10.074526	6.544146	2.938285	0.000000	3.038037	4.685608	5.195730	7.243066	8.755977	10.254991	11.941819	12.488874	14.371585	15.899203	16.765762	15.391034	15.660353	14.289052	14.482445	13.972721	13.604205	12.516823	12.220703	12.615863	13.775578	16.139151	18.337519	19.064772	17.572832	17.448568	17.035141	15.655571	14.969832	13.518309	14.513535	12.132347	11.192207	11.416047	12.991800	15.169415	15.253301	17.056391	17.494711	17.807106	17.199532	16.780386	17.368013	17.446938	19.685116	21.322187	23.237022	20.898159	17.971287	16.022230	13.365550	12.888223	12.351496	14.665473	17.369499	19.964247	18.796106	17.266106	17.249716	18.617304	20.434870	23.783306	26.814623	29.913275	32.903561	35.334679	37.920273	36.611111	33.530422	30.762337	27.911804	25.432175	23.649920	22.747192	21.562401	20.840164	20.871803	23.804056	24.715002	24.208696	25.757446	27.160688	27.342951	25.137863	23.132607	20.535091	18.767822	18.023685	16.826757	17.422770	15.275612	13.350934	15.914207	17.770201	27.800016	30.397835	29.765610	30.492668	31.706879	34.474415	35.849861	38.682327	39.528122	39.042595	41.068882	43.535809	43.448227	42.594410	42.411057	44.029430	41.716213	40.342987	37.462658	37.295444	35.940681	33.369530	32.472969	32.321671	30.134047	27.701038	28.033850	28.312744	25.970823	24.331011	21.500502	22.476170	22.251499	23.381804	22.779867	23.683876	23.959890	24.308998	22.068148	21.815924	20.754005	20.034742	17.915936	18.377480	16.729681	13.808106	11.516958	10.613076	9.348389	9.984865	11.971930	14.068112	16.490530	19.046104	20.787388	22.223705	19.704676	16.660194	14.468788	11.929669	9.779519	9.440563	11.315784	13.604631	13.759961	14.863196	14.340085	14.904457	14.928633
12.975300	10.445822	7.915947	6.507048	4.980444	6.752331	6.474941	7.707298	8.759306	11.417662	13.807673	16.492718	17.869169	15.786987	12.650296	9.263346	5.754338	3.038037	0.000000	3.146111	4.764057	6.022139	6.940420	8.627396	9.738242	9.812694	11.488683	12.938351	13.729163	12.410172	12.897169	11.908857	12.599445	12.745729	13.149145	12.594146	12.935169	13.530718	14.733085	16.975285	19.320431	20.416986	19.047525	18.545738	17.775698	15.846388	14.529771	12.548525	12.853216	10.036187	8.532669	8.506822	10.028900	12.382742	12.690459	14.819322	15.684661	16.385054	16.362427	16.535549	17.676403	18.194548	20.806765	22.799139	24.958332	22.861601	19.800461	17.607683	14.565212	13.353949	12.029132	13.704885	16.160290	18.764027	17.495773	16.384981	16.814884	18.688749	20.854771	24.291206	27.394543	30.321247	33.202465	35.521965	38.227276	37.150997	34.058056	31.358034	28.323557	25.665930	23.592319	22.396460	21.104109	20.238718	20.318008	23.150007	24.413658	24.235012	26.132492	27.807695	28.113359	25.906765	23.989325	21.560385	19.977949	19.632715	18.733545	19.668674	17.571714	15.862704	18.636225	20.675703	29.733732	32.213367	31.372454	31.850725	32.860474	35.556438	37.041512	39.900688	40.546085	39.992508	42.146896	44.563641	44.274574	43.419815	43.292408	44.730808	42.321976	40.919613	38.097309	38.153656	36.876869	34.174881	33.377975	33.478539	31.296520	28.795771	29.330360	29.846613	27.626934	26.246357	23.302183	24.200747	23.869745	24.885811	24.135208	24.878185	24.923710	25.171963	22.587778	21.921335	20.625420	19.674305	17.329098	17.264090	15.274124	12.010878	9.433885	8.193639	7.089445	7.903857	10.323027	12.743803	15.566381	18.366688	20.119186	21.583170	19.191256	16.093082	14.470556	12.461144	10.936222	10.824983	13.174561	15.214568	14.763015	15.276029	14.104243	14.007802	13.459929
15.450294	12.836611	10.096268	8.193138	5.991383	8.261216	8.759288	10.145501	11.173135	13.686160	15.657620	18.037554	19.234200	17.172312	14.017062	10.462994	7.124901	4.685608	3.146111	0.000000	3.460258	5.357741	4.961285	5.878784	7.304710	8.127433	10.355651	12.350477	13.546487	12.459947	13.063869	12.194000	12.903069	13.473144	14.056790	14.115730	14.801563	15.916127	17.433151	19.870483	22.275650	23.172520	21.583405	20.983776	20.026577	18.048603	16.612387	14.347024	14.247607	11.546435	9.651815	9.597726	10.563688	12.990639	12.953378	15.315955	16.658592	17.712137	17.912083	18.422209	19.684326	20.417860	23.018297	24.998299	27.061815	24.827421	21.701025	19.732368	16.759567	15.618306	14.172605	15.844052	18.334986	21.071358	20.015799	19.151052	19.807281	21.748043	23.934834	27.353695	30.431391	33.376148	36.252617	38.607716	41.312622	40.245628	37.169518	34.473000	31.451975	28.804941	26.691412	25.415852	23.989565	22.934872	22.806967	25.585241	27.032484	26.784367	28.636404	30.299828	30.782373	28.684305	26.883183	24.485157	22.930737	22.465965	21.408567	22.077976	19.859026	18.011784	20.475960	22.083323	32.277878	34.869942	34.179058	34.760147	35.804771	38.553875	40.042496	42.884426	43.577030	43.064388	45.198101	47.618664	47.370644	46.527794	46.387093	47.848827	45.440178	44.013817	41.202667	41.237171	39.914852	37.235607	36.453377	36.488968	34.275284	31.816128	32.310753	32.718399	30.423372	28.896725	26.031801	26.991709	26.665867	27.632082	26.790987	27.408318	27.328201	27.324993	24.695051	23.862635	22.215569	20.925653	18.234140	17.976980	15.625564	12.381922	9.977316	9.533125	9.345408	10.339934	12.782531	15.084360	18.020525	20.781660	22.785957	24.401499	22.133497	19.050251	17.499800	15.535476	13.906616	13.629872	15.728276	18.000006	17.772139	18.402544	17.231754	17.000353	16.213224
17.358309	15.095487	12.652032	10.997659	8.756602	10.201008	9.913287	10.263214	10.347221	12.276903	13.628933	15.703667	17.039623	15.354560	12.168708	8.922048	6.344846	5.195730	4.764057	3.460258	0.000000	2.975815	4.279951	5.976567	8.402396	9.677611	12.263136	14.542871	15.270035	13.505858	13.261887	11.527145	11.395023	11.356378	11.427892	11.680854	12.533151	14.238013	16.241465	19.046171	21.639248	22.113907	20.135632	19.266863	18.062563	16.179516	14.928026	12.781548	13.047060	11.094223	10.069517	11.120973	12.749159	15.570471	15.960758	18.493811	19.851206	20.826914	20.918579	21.127687	22.119944	22.469608	24.831297	26.514458	28.403561	25.994267	23.087189	21.205870	18.508358	17.762587	16.689634	18.453606	20.881069	23.461464	22.059067	20.941980	21.145844	22.850683	24.802704	28.233418	31.354456	34.340023	37.280228	39.516308	42.184372	40.939766	37.771294	34.977734	32.016808	29.352188	27.579470	26.618595	25.585730	24.893091	25.058538	27.899414	29.095373	28.867443	30.641361	32.177223	32.357967	30.089218	27.987707	25.340961	23.408457	22.523716	21.038696	21.374609	18.843254	17.310982	19.545813	20.934313	32.655674	35.192707	34.455803	35.161449	36.430397	39.069996	40.309914	43.208183	44.029514	43.349556	45.326874	47.878128	47.698250	46.638477	46.270088	47.745171	45.278996	43.675556	40.962929	40.979210	39.419918	36.804829	36.221161	36.108887	33.715641	31.458540	32.101948	32.208572	29.771275	28.168333	25.472591	26.841688	26.958614	28.319872	27.865789	28.833164	29.086226	29.380112	26.980658	26.445744	25.070879	23.987808	21.448256	21.320488	19.041162	15.754172	13.240833	12.280237	11.283611	11.216597	12.867334	14.523846	17.192490	19.656868	22.072630	24.000910	21.953272	18.973965	17.226345	15.421372	13.931370	14.331085	16.303284	18.348009	18.305403	18.980354	17.871088	17.764603	17.121346
17.084641	15.356601	13.471935	12.425001	10.727648	12.372925	11.722040	11.749965	11.258579	12.777754	13.953145	16.029329	17.822701	16.554712	13.366148	10.554051	8.290356	7.243066	6.022139	5.357741	2.975815	0.000000	3.407290	6.085305	8.150883	9.003813	11.479039	13.766274	13.960617	11.696819	10.897949	8.787579	8.443917	8.600843	9.181756	10.068730	11.595703	13.686241	15.908985	18.741945	21.522427	22.083698	20.052763	18.716002	17.087614	14.792967	13.106300	10.616638	10.479613	8.837754	8.165961	9.954021	11.980880	15.118445	16.043221	18.859539	20.474892	21.628534	22.063564	22.458092	23.649933	24.035278	26.517570	28.291691	30.291939	28.011103	25.145330	23.073145	20.257687	19.240337	17.911634	19.221378	21.330429	23.716368	21.993217	21.027950	21.221483	23.108709	25.141953	28.612494	31.797731	34.638008	37.507591	39.544395	42.276436	41.121128	37.894325	35.112278	32.054321	29.251841	27.498541	26.542944	25.738323	25.228319	25.666185	28.430925	29.689228	29.756222	31.752687	33.418655	33.462379	31.071430	28.836432	26.180676	24.166386	23.372900	21.920237	22.411058	19.797884	18.662029	21.042547	22.626476	34.004295	36.371181	35.388374	35.931046	37.155098	39.638229	40.807087	43.760239	44.473854	43.616585	45.604122	48.187222	47.862144	46.659378	46.196243	47.506714	44.925232	43.190445	40.605244	40.815243	39.188869	36.506107	36.141037	36.171864	33.687874	31.505178	32.425339	32.574512	30.186472	28.809069	26.111139	27.642065	27.941994	29.461456	29.153183	30.237316	30.545456	31.006227	28.506897	27.879910	26.587654	25.540854	23.028217	22.610504	20.216301	16.724306	14.018452	12.471503	11.080815	10.246757	11.412010	12.721769	15.438253	17.849518	20.491739	22.613224	20.861300	17.990509	16.626358	15.408728	14.529615	15.506143	17.756994	19.420355	18.997559	19.223482	17.692581	17.175663	16.226852
